-2.196609497,10.27038574,-1.872467041,66237404777
-2.334671021,10.41558838,-0.5894470215,66237690699
-1.706253052,10.62744141,0.08419799805,66237972454
-1.225418091,10.48699951,0.3293762207,66238265268
-1.323013306,10.11328125,0.3555603027,66238531160
-1.465835571,10.08233643,0.9673156738,66238842149
-1.563430786,10.17279053,1.110137939,66239105501
-1.665786743,10.3394165,0.7887878418,66239384317
-1.211135864,10.7512207,0.1889343262,66239688282
-1.008804321,10.97973633,-0.7655944824,66239979558
-1.00642395,10.97735596,-1.601104736,66240262863
-1.004043579,10.73455811,-1.551116943,66240547513
-1.106399536,10.27038574,-0.984588623,66240841005
-1.280166626,9.696716309,-0.7727355957,66241116065
-1.220657349,9.408691406,-0.5085144043,66241456267
-1.077835083,9.318237305,-0.399017334,66241690843
-1.296829224,9.092102051,-0.2323913574,66241975365
-1.644363403,8.965942383,0.2793884277,66242248871
-1.794326782,9.118286133,0.7959289551,66242542389
-1.611038208,9.580078125,1.186309814,66242832738
-1.394424438,9.603881836,0.5602722168,66243114365
-1.975234985,8.977844238,0.6840515137,66243401432
-1.382522583,8.965942383,2.295562744,66243679602
0.5741424561,9.996643066,2.904937744,66243962083
0.6764984131,10.47271729,2.169403076,66244259364
-0.5160675049,10.22753906,0.9768371582,66244536356
-1.294448853,9.89666748,-0.1681213379,66244826270
-1.35395813,9.875244141,-1.048858643,66245114401
-0.8612213135,9.841918945,-1.060760498,66245582668
-0.8017120361,9.494384766,-0.4418640137,66245836919
-1.089736938,9.325378418,1.014923096,66246029569
-1.406326294,9.170654297,2.128936768,66246237671
-1.211135864,9.487243652,2.624053955,66246542050
-0.7493438721,9.880004883,2.107513428,66246817306
-0.4303741455,10.15136719,1.512420654,66247121912
0.3218231201,10.61553955,1.519561768,66247389208
-0.1923370361,10.40130615,1.279144287,66247675581
-0.849319458,10.02996826,1.352935791,66247985464
-0.9635772705,10.00140381,1.533843994,66248261932
-1.123062134,9.799072266,1.610015869,66248531366
-1.106399536,9.534851074,1.681427002,66248823339
-1.025466919,9.475341797,1.300567627,66249105559
-0.9445343018,9.480102539,1.022064209,66249406369
-1.004043579,9.396789551,0.7887878418,66249695437
-0.9873809814,9.399169922,0.615020752,66249969838
-0.9873809814,9.403930664,0.7340393066,66250253047
-0.8516998291,9.620544434,1.160125732,66250535947
-1.194473267,9.691955566,1.310089111,66250844540
-1.308731079,9.849060059,1.343414307,66251114807
-0.8421783447,10.21325684,1.195831299,66251416876
-0.5850982666,10.46795654,1.200592041,66251689264
-0.5255889893,10.38226318,1.3934021,66251980168
-0.5017852783,10.23468018,1.507659912,66252274872
-0.6755523682,9.996643066,1.462432861,66252546319
-0.7683868408,9.756225586,1.588592529,66252845879
-0.9707183838,9.518188477,1.843292236,66253205984
-1.1587677,9.256347656,1.983734131,66253376491
-1.33253479,9.073059082,1.898040771,66253676439
-1.382522583,8.954040527,1.669525146,66253987815
-1.080215454,8.913574219,1.512420654,66254256991
-0.5803375244,9.058776855,1.452911377,66254559776
-0.57081604,8.932617188,1.229156494,66254807389
-0.6731719971,9.049255371,1.105377197,66255139771
-0.9326324463,9.142089844,1.150604248,66255411318
-1.28968811,9.173034668,0.9744567871,66255697852
-1.325393677,9.575317383,0.8744812012,66256007959
-0.9683380127,10.14422607,0.7864074707,66256244560
-0.5089263916,10.86309814,0.7483215332,66256545617
-0.3565826416,11.1796875,1.038726807,66256846211
-0.1732940674,11.51055908,1.102996826,66257129707
-0.07331848145,11.5914917,0.9673156738,66257421984
-0.0518951416,11.55578613,0.9649353027,66257683784
-0.0542755127,11.41772461,0.9887390137,66257982478
-0.4541778564,10.99401855,1.141082764,66258274917
-0.5517730713,10.77264404,1.098236084,66258526473
-0.3970489502,10.62982178,0.995880127,66258852341
-0.5065460205,10.35369873,0.7364196777,66259122046
-0.8516998291,9.979980469,0.4460144043,66259412906
-1.20161438,9.582458496,0.07229614258,66259680662
-1.35395813,9.496765137,-0.5394592285,66260062332
-1.363479614,9.113525391,-1.263092041,66260231660
-1.734817505,8.761230469,-1.422576904,66260516436
-1.537246704,8.454162598,-0.7156066895,66260800861
-1.387283325,8.406555176,0.5436096191,66261085135
-1.242080688,8.247070313,1.821868896,66261416883
-1.273025513,8.042358398,3.628570557,66261681928
-1.63722229,7.656738281,4.706878662,66261990692
-2.077590942,7.047363281,5.494781494,66262298516
-2.548904419,6.530822754,6.049407959,66262570019
-2.851211548,6.495117188,5.81137085,66262832343
-3.017837524,6.987854004,4.959197998,66263148222
-2.85597229,7.706726074,3.783294678,66263429463
-2.389419556,8.54699707,2.943023682,66263730666
-2.001419067,9.230163574,2.654998779,66264005157
-1.563430786,9.663391113,2.8097229,66264254727
-1.496780396,10.034729,3.190582275,66264575947
-1.480117798,10.33465576,3.704742432,66264811027
-1.525344849,10.62744141,4.009429932,66265164718
-1.525344849,10.57745361,3.600006104,66265433725
-1.63722229,10.57745361,2.900177002,66265661700
-1.782424927,10.48461914,2.100372314,66266006662
-1.54914856,10.58459473,1.117279053,66266238777
-1.675308228,10.5536499,0.362701416,66266592205
-1.661026001,10.49414063,0.1413269043,66266839988
-1.430130005,10.25848389,0.3507995605,66267236853
-1.787185669,9.996643066,0.1222839355,66267401537
-2.037124634,9.708618164,-0.3942565918,66267650957
-2.084732056,10.07757568,-1.055999756,66267937126
-2.556045532,9.932373047,-0.7084655762,66268224616
-3.141616821,9.72052002,-0.5989685059,66268526063
-3.512954712,9.810974121,-0.3299865723,66268842198
-3.974746704,9.813354492,0.04611206055,66269084797
-3.672439575,10.16326904,0.8673400879,66269456538
-3.543899536,10.48937988,1.233917236,66269660347
-3.627212524,10.21087646,1.160125732,66269951278
-3.843826294,9.639587402,0.7388000488,66270237750
-4.167556763,8.89453125,0.3912658691,66270518857
-4.83644104,8.182800293,-0.6203918457,66270810589
-5.114944458,7.713867188,-0.1181335449,66271115255
-5.491043091,6.733154297,0.5769348145,66271382484
-5.441055298,6.290405273,0.9173278809,66271666724
-4.37940979,5.82623291,0.3388977051,66271948841
-4.922134399,6.123779297,0.005645751953,66272233518
-5.25062561,5.600097656,-0.7441711426,66272562739
-5.552932739,5.169250488,-1.063140869,66272814142
-6.024246216,4.850280762,-1.241668701,66273099378
-5.779067993,4.728881836,-1.532073975,66273409326
-5.269668579,4.707458496,-2.098602295,66273661823
-5.369644165,4.690795898,-3.234039307,66273953075
-5.562454224,5.024047852,-4.071929932,66274510776
-5.393447876,5.723876953,-4.805084229,66274562826
-4.472244263,6.376098633,-4.886016846,66274804346
-3.605789185,7.164001465,-4.345672607,66275073711
-3.474868774,7.968566895,-3.826751709,66275365650
-4.196121216,8.142333984,-3.581573486,66275672118
-3.903335571,8.228027344,-2.410430908,66275945187
-3.308242798,8.41607666,-1.996246338,66276263640
-3.305862427,8.392272949,-2.243804932,66276514716
-3.091629028,8.516052246,-2.410430908,66276799611
-3.241592407,8.273254395,-2.748443604,66277099325
-3.424880981,7.430603027,-2.503265381,66277415487
-2.706008911,6.666503906,-2.688934326,66277667389
-4.084243774,4.993103027,-2.34854126,66277943264
-4.172317505,3.574401855,-3.065032959,66278234106
-3.589126587,3.333984375,-3.712493896,66278511254
-1.563430786,4.131408691,-4.828887939,66278802962
-0.5684356689,5.247802734,-6.466583252,66279086241
0.2694549561,6.890258789,-7.806732178,66279370438
0.3289642334,8.230407715,-7.444915771,66279657375
0.06712341309,9.17779541,-6.130950928,66279939691
1.814315796,11.61767578,-5.707244873,66280229206
3.111618042,14.58123779,-5.902435303,66280512096
2.161849976,16.67120361,-5.63583374,66280797574
1.607223511,18.39221191,-6.511810303,66281083765
1.728622437,19.53895569,-7.947174072,66281368494
1.873825073,19.53895569,-7.630584717,66281664360
2.088058472,19.53895569,-4.955047607,66282111847
3.599594116,19.53895569,-3.507781982,66282216046
5.039718628,19.53895569,-2.605621338,66282496030
7.800949097,19.53895569,3.245330811,66282805695
11.24772644,19.53895569,10.20315552,66283086903
12.73545837,19.53895569,15.33761597,66283370573
14.32078552,18.41601563,18.99862671,66283642407
15.96086121,11.76287842,18.74868774,66283931853
19.6831665,8.646972656,15.83035278,66284254381
19.6831665,6.542724609,12.03604126,66284509559
19.6831665,4.428955078,10.41262817,66284787575
19.6831665,0.184753418,6.787322998,66285092733
19.6831665,-5.225830078,7.058685303,66285373416
19.6831665,-9.439086914,4.892547607,66285646945
19.6831665,-13.44287109,2.278900146,66285968101
19.6831665,-15.84942627,-4.110015869,66286220959
19.6831665,-17.9798584,-9.884796143,66286494098
18.62449646,-19.46044922,-10.71792603,66286802077
16.71781921,-19.46044922,-10.12521362,66287077265
14.13987732,-19.46044922,-11.37966919,66287447156
13.30198669,-16.67303467,-13.6600647,66287651859
14.19224548,-13.23101807,-12.13424683,66287944902
15.0634613,-8.977294922,-9.13973999,66288244902
14.9563446,-4.042785645,-7.759124756,66288506874
14.74449158,1.541564941,-8.842193604,66288899711
13.79234314,5.026428223,-9.099273682,66289144351
11.12870789,5.992858887,-7.087860107,66289342767
8.703109741,6.614135742,-5.338287354,66289635462
5.749069214,6.511779785,-5.616790771,66289940000
4.320846558,6.599853516,-5.65725708,66290229638
3.318710327,7.206848145,-6.942657471,66290506254
2.464157104,7.511535645,-7.392547607,66290790502
2.154708862,7.906677246,-8.182830811,66291078939
2.097579956,7.668640137,-6.416595459,66291362209
2.038070679,8.399414063,-5.895294189,66291656756
2.299911499,9.463439941,-6.573699951,66291990448
1.676254272,9.363464355,-6.152374268,66292220424
-0.2494659424,8.037597656,-3.476837158,66292509051
-1.958572388,6.895019531,-0.3061828613,66292792374
-2.510818481,6.971191406,-1.101226807,66293088360
-2.444168091,7.432983398,-4.15524292,66293360740
-3.101150513,7.325866699,-5.059783936,66293649263
-3.577224731,6.990234375,-3.269744873,66293934253
-5.03163147,6.218994141,-3.091217041,66294215623
-5.295852661,6.316589355,-3.879119873,66294519590
-4.579360962,7.263977051,-5.076446533,66294783802
-3.470108032,7.906677246,-5.100250244,66295091464
-4.493667603,7.259216309,-5.02645874,66295356113
-5.686233521,6.716491699,-3.493499756,66295639076
-6.628860474,6.32611084,-3.293548584,66296010903
-5.574356079,6.773620605,-3.581573486,66296325508
-5.160171509,6.766479492,-5.085968018,66296487599
-5.255386353,6.611755371,-6.668914795,66296775410
-5.383926392,6.249938965,-6.216644287,66297105104
-5.657669067,5.880981445,-4.583709717,66297382767
-5.571975708,6.683166504,-4.795562744,66297640122
-5.693374634,6.954528809,-4.514678955,66297940621
-6.388442993,7.302062988,-4.126678467,66298218782
-6.57649231,7.540100098,-3.031707764,66298479303
-6.559829712,7.580566406,-0.7822570801,66298768814
-6.009963989,7.585327148,1.32913208,66299049490
-5.248245239,7.856689453,1.557647705,66299338164
-6.352737427,7.354431152,-1.029815674,66299623248
-6.652664185,7.133056641,-2.843658447,66299908935
-6.828811646,7.02355957,-2.986480713,66300200708
-6.295608521,6.878356934,-2.386627197,66300480836
-5.905227661,7.285400391,-2.574676514,66300767735
-6.631240845,7.316345215,-3.35067749,66301104928
-6.640762329,7.487731934,-3.593475342,66301371833
-6.602676392,7.287780762,-2.453277588,66301680202
-6.57649231,7.135437012,-1.54397583,66301946266
-6.226577759,7.152099609,-0.6084899902,66302231390
-6.581253052,6.942626953,-0.5370788574,66302519138
-6.495559692,7.090209961,-1.41305542,66302779993
-6.605056763,7.330627441,-2.260467529,66303206737
-6.395584106,7.561523438,-2.43661499,66303414352
-6.364639282,7.447265625,-2.177154541,66303632985
-6.405105591,7.164001465,-1.515411377,66303913374
-6.764541626,6.766479492,-0.9560241699,66304199658
-6.590774536,6.623657227,-1.365447998,66304565473
-6.350357056,6.535583496,-1.751068115,66304777980
-6.474136353,6.202331543,-2.234283447,66305095819
-6.433670044,5.892883301,-2.541351318,66305381278
-6.507461548,5.531066895,-2.231903076,66305667076
-6.481277466,4.988342285,-1.89151001,66305987184
-6.369400024,4.993103027,-1.846282959,66306209935
-5.75050354,5.557250977,-2.538970947,66306526809
-5.829055786,7.02355957,-2.93649292,66306820328
-6.257522583,7.678161621,-3.39352417,66307063463
-5.631484985,7.940002441,-2.660369873,66307379448
-6.005203247,6.921203613,-1.56539917,66307659705
-7.314407349,5.057373047,-1.091705322,66307960470
-8.502212524,3.048339844,-1.155975342,66308286073
-8.328445435,2.327087402,-1.962921143,66308530202
-5.969497681,3.015014648,-2.531829834,66308773445
-3.862869263,3.074523926,-2.265228271,66309104545
-3.063064575,2.955505371,-1.52255249,66309389986
-2.844070435,3.374450684,-1.710601807,66309686792
-2.465591431,5.350158691,-4.552764893,66309933555
-2.85597229,8.596984863,-6.842681885,66310383391
-2.706008911,13.47674561,-9.308746338,66310565569
-1.591995239,16.88781738,-10.40133667,66310808346
-2.513198853,19.53895569,-9.77053833,66311044602
-3.365371704,19.53895569,-5.957183838,66311330417
-4.307998657,19.53895569,-1.793914795,66311636621
-3.955703735,19.53895569,-0.05386352539,66311951117
-1.363479614,19.53895569,-0.0871887207,66312206059
0.5003509521,19.53895569,-4.098114014,66312538561
5.444381714,19.53895569,-2.303314209,66312773584
12.96635437,19.53895569,4.852081299,66313153857
19.6831665,19.53895569,12.32406616,66313346274
19.6831665,19.53895569,17.95840454,66313660598
19.6831665,19.36340332,17.76083374,66313910447
19.6831665,11.53436279,15.1210022,66314279427
19.6831665,4.871704102,14.76394653,66314560183
19.6831665,0.591796875,15.28286743,66314769943
19.6831665,-1.831420898,11.28860474,66315118404
19.6831665,-6.206542969,7.534759521,66315327686
19.6831665,-10.22460938,3.250091553,66315689758
19.6831665,-13.68566895,-0.196685791,66315962661
19.6831665,-15.58758545,-2.660369873,66316207696
19.58616638,-17.32763672,-5.138336182,66316549207
17.37004089,-18.12744141,-7.468719482,66316755921
14.03276062,-19.07244873,-10.2918396,66317104940
14.31602478,-18.81774902,-12.01522827,66317546745
13.72569275,-17.29193115,-14.53842163,66317738302
12.11656189,-15.27575684,-14.84072876,66317959367
10.27891541,-14.03796387,-12.72695923,66318185112
9.281539917,-12.43121338,-9.746734619,66318491916
9.731430054,-10.04370117,-8.101898193,66318776504
11.25010681,-6.815917969,-7.52822876,66319048462
11.93089294,-4.130859375,-7.502044678,66319341972
10.95732117,-2.550292969,-6.13571167,66319641901
10.2051239,-1.081604004,-5.94052124,66319915307
9.46244812,0.9417114258,-7.294952393,66320195519
9.088729858,2.841247559,-9.115936279,66320477829
9.036361694,4.336120605,-10.09902954,66320769087
8.257980347,4.159973145,-7.787689209,66321055023
6.710739136,4.657470703,-6.26663208,66321341298
5.749069214,5.431091309,-7.652008057,66321625597
5.372970581,6.480834961,-9.553924561,66321924846
5.296798706,6.9140625,-8.406585693,66322195946
4.789779663,7.190185547,-6.050018311,66322480701
3.594833374,7.590087891,-7.380645752,66322784736
2.89024353,7.790039063,-8.927886963,66323051806
2.340377808,7.80670166,-7.413970947,66323336273
1.542953491,7.528198242,-5.340667725,66323623338
0.4217987061,7.17590332,-6.68081665,66323907132
-0.5017852783,7.064025879,-8.408966064,66324193801
-1.315872192,6.661743164,-7.04977417,66324482302
-1.501541138,7.02355957,-4.638458252,66324749546
-1.582473755,7.228271484,-5.062164307,66325061516
-2.584609985,7.04498291,-6.602264404,66325322461
-2.439407349,7.230651855,-5.9190979,66325605947
-2.448928833,7.335388184,-5.819122314,66325914562
-2.784561157,7.111633301,-4.474212646,66326205903
-3.57484436,6.71887207,-2.846038818,66326486503
-4.238967896,7.083068848,-4.226654053,66326770567
-4.167556763,7.594848633,-5.947662354,66327054407
-4.224685669,7.48059082,-6.671295166,66327344530
-4.669815063,7.164001465,-5.288299561,66327623089
-5.831436157,6.335632324,-2.941253662,66327909406
-6.340835571,5.797668457,-2.396148682,66328197117
-6.543167114,5.857177734,-4.581329346,66328479742
-5.657669067,6.640319824,-6.307098389,66328763309
-4.917373657,7.492492676,-7.175933838,66329062704
-4.867385864,7.202087402,-6.095245361,66329341777
-5.667190552,6.485595703,-3.80770874,66329621545
-6.290847778,6.47845459,-2.622283936,66329901653
-5.869522095,7.004516602,-2.693695068,66330187644
-5.962356567,7.499633789,-4.750335693,66330482800
-5.719558716,7.292541504,-3.450653076,66330777705
-6.143264771,6.828369141,-2.141448975,66331043473
-6.702651978,6.74029541,-1.460662842,66331328942
-6.821670532,7.104492188,-1.82723999,66331617097
-6.178970337,7.713867188,-2.28427124,66331910564
-5.629104614,7.935241699,-2.78414917,66332228802
-5.936172485,7.361572266,-2.208099365,66332458314
-6.666946411,6.711730957,-1.291656494,66332743783
-6.885940552,6.776000977,-1.801055908,66333054444
-6.683609009,7.128295898,-3.24118042,66333337150
-6.162307739,7.504394531,-3.384002686,66333615827
-6.433670044,7.290161133,-2.798431396,66333893560
-6.55506897,7.159240723,-1.686798096,66334193642
-6.319412231,7.00213623,-1.367828369,66334462346
-5.807632446,7.202087402,-1.746307373,66334753698
-5.500564575,7.211608887,-2.505645752,66335042854
-6.05519104,6.837890625,-2.519927979,66335320520
-6.778823853,6.099975586,-1.962921143,66335611316
-7.064468384,5.678649902,-1.075042725,66335895048
-7.131118774,5.645324707,-0.6822814941,66336182060
-6.921646118,5.907165527,-0.7893981934,66336473636
-6.124221802,6.661743164,-1.548736572,66336748541
-5.855239868,7.499633789,-2.727020264,66337040310
-5.543411255,7.844787598,-2.619903564,66337324225
-5.429153442,7.45916748,-2.00100708,66337611674
-5.669570923,7.499633789,-1.639190674,66337921018
-5.46723938,7.95904541,-1.712982178,66338178543
-5.362503052,7.961425781,-1.732025146,66338466639
-5.172073364,7.970947266,-1.893890381,66338927284
-4.981643677,8.506530762,-1.962921143,66339029227
-4.572219849,8.532714844,-1.441619873,66339316585
-4.136611938,8.439880371,-0.4085388184,66339610510
-4.165176392,8.751708984,-1.0440979,66339885142
-4.469863892,8.358947754,-1.665374756,66340189780
-4.665054321,7.906677246,-1.860565186,66340485739
-5.238723755,7.402038574,-2.053375244,66340862652
-5.436294556,7.54486084,-2.067657471,66341043447
-5.095901489,7.913818359,-1.579681396,66341281243
-4.579360962,8.066162109,-1.679656982,66341571687
-4.35798645,8.461303711,-1.170257568,66341850055
-4.000930786,8.261352539,-0.6965637207,66342133121
-4.196121216,7.782897949,-0.3799743652,66342416797
-5.198257446,7.166381836,-0.8798522949,66342691858
-5.638626099,7.102111816,-1.646331787,66342988509
-3.453445435,7.897155762,-2.391387939,66343270333
-3.346328735,7.30682373,-3.493499756,66343538858
-3.796218872,6.345153809,-4.0909729,66343839281
-5.062576294,5.797668457,-4.100494385,66344154132
-5.167312622,6.011901855,-3.581573486,66344417083
-5.000686646,6.930725098,-3.510162354,66344730584
-5.695755005,8.473205566,-3.662506104,66345010680
-6.174209595,10.21563721,-1.643951416,66345338080
-6.904983521,11.96520996,-1.029815674,66345614579
-6.652664185,14.73120117,-1.12979126,66345851568
-7.281082153,18.14941406,-2.65322876,66346143769
-8.314163208,19.53895569,-5.952423096,66346414653
-1.839553833,19.53895569,-3.914825439,66346737919
7.715255737,19.53895569,2.904937744,66347008014
11.61668396,19.53895569,-2.469940186,66347347563
7.217758179,19.53895569,-3.410186768,66347703789
8.412704468,19.53895569,8.151275635,66347932643
16.998703,19.53895569,5.013946533,66348183668
19.6831665,19.53895569,-2.529449463,66348471393
19.6831665,19.53895569,1.229156494,66348739999
19.6831665,14.57171631,9.277191162,66349072643
18.76731873,7.380615234,15.75180054,66349338260
19.6831665,6.41418457,11.15530396,66349649245
19.6831665,6.223754883,7.430023193,66349890354
19.6831665,1.748657227,7.641876221,66350174328
19.6831665,-3.983276367,9.846099854,66350463777
19.6831665,-9.617614746,8.022735596,66350755465
19.03630066,-12.41693115,3.164398193,66351050150
17.15104675,-12.82397461,-3.791046143,66351319314
16.66783142,-12.57165527,-5.697723389,66351600249
14.53977966,-13.84039307,-6.668914795,66351891557
13.33055115,-13.68328857,-6.602264404,66352191027
12.53788757,-12.69781494,-6.906951904,66352474480
12.50932312,-11.53857422,-6.964080811,66352776578
12.92350769,-10.24365234,-6.421356201,66353034312
12.50694275,-9.662841797,-5.435882568,66353446928
11.63334656,-9.355773926,-5.859588623,66353596798
11.75712585,-9.196289063,-6.261871338,66353894349
11.9427948,-8.334594727,-7.697235107,66354165655
11.95231628,-7.12298584,-8.518463135,66354465815
11.87852478,-6.087524414,-8.118560791,66354773105
11.48814392,-4.814025879,-7.492523193,66355033885
11.79759216,-2.576477051,-7.411590576,66355366427
11.79759216,-0.01043701172,-7.866241455,66355654365
11.26676941,1.620117188,-6.911712646,66355880495
10.50267029,2.403259277,-4.8074646,66356233908
9.11491394,3.422058105,-4.607513428,66356458012
8.41746521,4.25994873,-5.926239014,66356843016
7.334396362,4.314697266,-7.052154541,66357068690
6.879745483,4.816955566,-7.668670654,66357326361
6.475082397,5.58581543,-9.025482178,66357616483
6.74168396,6.559387207,-9.273040771,66357872063
6.658370972,7.185424805,-8.72555542,66358165956
6.303695679,8.106628418,-8.211395264,66358414036
4.982589722,8.330383301,-8.301849365,66358693317
3.692428589,7.913818359,-7.359222412,66358983955
2.583175659,7.799560547,-6.164276123,66359328978
2.266586304,7.694824219,-5.840545654,66359618049
1.526290894,7.656738281,-7.609161377,66359912135
1.119247437,7.373474121,-8.263763428,66360152884
0.7717132568,7.114013672,-5.052642822,66360437720
-0.6112823486,6.821228027,-4.214752197,66360686613
-1.732437134,6.704589844,-6.428497314,66360979948
-1.44203186,7.302062988,-8.13760376,66361272243
-0.8469390869,8.063781738,-7.618682861,66361573261
-1.470596313,8.006652832,-6.488006592,66361944143
-2.865493774,6.837890625,-4.171905518,66362170022
-3.710525513,6.495117188,-3.826751709,66362535013
-3.367752075,7.094970703,-4.628936768,66362732633
-2.651260376,7.680541992,-6.052398682,66363015408
-3.424880981,7.375854492,-6.583221436,66363335348
-4.069961548,6.716491699,-4.928863525,66363583480
-4.598403931,6.318969727,-4.174285889,66363884135
-5.571975708,5.880981445,-5.119293213,66364153298
-4.953079224,6.626037598,-4.578948975,66364444671
-4.277053833,7.213989258,-5.014556885,66364729973
-4.42225647,7.090209961,-5.002655029,66365021097
-5.103042603,6.773620605,-3.917205811,66365306198
-5.507705688,6.745056152,-2.41519165,66365589362
-6.49079895,6.864074707,-1.710601807,66365873026
-7.043045044,7.24017334,-1.389251709,66366160857
-7.70954895,7.209228516,-0.932220459,66366449352
-9.287734985,6.418945313,-0.7275085449,66366733466
-9.918533325,5.840515137,-0.3918762207,66367015196
-9.106826782,5.976196289,-0.451385498,66367300863
-7.428665161,6.692687988,-0.7513122559,66367603359
-6.569351196,7.040222168,-1.708221436,66367961938
-6.705032349,6.840270996,-3.13168335,66368145309
-6.405105591,6.685546875,-3.117401123,66368431907
-5.990921021,6.590332031,-2.591339111,66368722492
-5.636245728,6.440368652,-1.446380615,66369008684
-5.671951294,6.34753418,-0.9393615723,66369297758
-5.831436157,6.388000488,-1.520172119,66369584111
-6.971633911,6.728393555,-2.898406982,66369872386
-6.79548645,7.168762207,-3.98147583,66370146273
-5.493423462,8.063781738,-4.167144775,66370442643
-4.845962524,8.689819336,-3.391143799,66370725286
-4.869766235,8.963562012,-1.91293335,66371014928
-6.048049927,8.444641113,-0.9226989746,66371359732
-6.495559692,8.073303223,-0.2062072754,66371581633
-6.364639282,8.156616211,-0.1490783691,66371872802
-5.833816528,8.185180664,-0.5680236816,66372154125
-5.429153442,8.047119141,-0.7013244629,66372447188
-5.698135376,8.025695801,-0.9179382324,66372729469
-5.57673645,8.02331543,-1.482086182,66373002074
-5.236343384,7.837646484,-1.284515381,66373314810
-5.05305481,7.71862793,-1.584442139,66373720395
-5.198257446,7.452026367,-2.438995361,66374034557
-5.526748657,7.366333008,-3.253082275,66374160020
-5.27204895,7.316345215,-3.912445068,66374448299
-5.191116333,7.299682617,-3.469696045,66374800630
-5.198257446,7.280639648,-2.798431396,66375136461
-5.164932251,7.173522949,-1.874847412,66375301716
-5.014968872,7.794799805,-1.441619873,66375567452
-4.924514771,8.097106934,-1.927215576,66375878774
-4.48890686,8.00189209,-2.029571533,66376154064
-4.865005493,7.421081543,-1.472564697,66376462243
-5.824295044,6.47845459,-1.182159424,66376745913
-6.904983521,6.388000488,-1.551116943,66377012632
-6.666946411,6.278503418,-2.127166748,66377312099
-6.024246216,6.123779297,-2.443756104,66377583811
-6.214675903,4.959777832,-2.527069092,66377868039
-7.357254028,3.036437988,-2.265228271,66378163681
-8.730728149,1.881958008,-3.129302979,66378439363
-8.642654419,2.198547363,-3.157867432,66378723542
-5.821914673,3.624389648,-3.272125244,66379011969
-3.141616821,5.531066895,-4.376617432,66379296074
-1.418228149,6.535583496,-4.533721924,66379579925
-1.346817017,7.71862793,-4.809844971,66379868389
-0.8088531494,9.794311523,-6.185699463,66380142836
1.283493042,12.15325928,-2.984100342,66380443797
0.08616638184,11.94616699,-2.177154541,66380722423
-0.2351837158,12.81976318,-6.171417236,66381009770
3.54246521,17.99468994,-10.6869812,66381292085
3.680526733,19.53895569,-6.742706299,66381596032
0.8716888428,19.53895569,5.342437744,66381953777
-0.5541534424,19.53895569,10.65304565,66382422556
2.021408081,19.53895569,4.259368896,66382604068
6.85118103,19.53895569,0.2079772949,66382845950
7.777145386,19.53895569,1.683807373,66383063855
6.644088745,19.53895569,6.208892822,66383309895
6.924972534,19.53895569,7.151519775,66383577027
9.550521851,19.53895569,6.296966553,66383876986
12.18321228,18.57073975,3.990386963,66384149498
14.18986511,15.99279785,4.447418213,66384430507
16.12510681,13.33392334,6.927764893,66384718011
18.05082703,10.37036133,8.108428955,66385002332
19.51475525,7.411560059,7.875152588,66385311202
19.6831665,5.307312012,6.658782959,66385584861
19.6831665,3.574401855,6.570709229,66385880244
19.6831665,-0.2770385742,8.98916626,66386147051
19.6831665,-7.118225098,9.793731689,66386429560
19.6831665,-12.10272217,2.440765381,66386722862
17.88182068,-13.43811035,-3.902923584,66387011449
14.63737488,-15.32098389,-6.892669678,66387288573
12.52598572,-16.21124268,-8.487518311,66387579547
11.71665955,-14.87347412,-8.687469482,66387854280
12.29032898,-12.78112793,-7.923370361,66388149096
13.43528748,-11.27197266,-8.55178833,66388449473
12.34983826,-10.66497803,-8.173309326,66388710246
11.20487976,-10.92205811,-7.809112549,66389156168
12.04515076,-9.891357422,-7.842437744,66389309941
11.87138367,-9.136779785,-9.00881958,66389597995
12.56407166,-8.12512207,-10.20614624,66389846500
12.4450531,-6.982543945,-10.15139771,66390181069
12.02848816,-5.701904297,-9.084991455,66390444088
11.3000946,-4.518859863,-8.896942139,66390721200
11.61192322,-2.612182617,-8.782684326,66391026340
11.84281921,-0.4817504883,-7.035491943,66391282640
10.80497742,1.258300781,-6.102386475,66391576608
9.981369019,3.043579102,-6.604644775,66391863661
9.579086304,4.405151367,-6.623687744,66392168523
8.555526733,5.628662109,-8.351837158,66392478410
7.729537964,6.149963379,-9.29208374,66392708216
6.237045288,5.516784668,-7.751983643,66393009419
5.568161011,6.066650391,-7.187835693,66393324539
4.706466675,6.795043945,-8.785064697,66393644327
4.749313354,7.094970703,-9.049285889,66393871608
4.673141479,7.790039063,-8.737457275,66394156681
4.563644409,8.273254395,-7.675811768,66394470619
3.735275269,7.999511719,-5.573944092,66394741644
2.592697144,8.26373291,-3.917205811,66395014462
1.238265991,8.280395508,-4.331390381,66395299640
-0.2375640869,7.41394043,-5.093109131,66395587233
-0.7874298096,6.852172852,-3.812469482,66395872489
-1.534866333,6.526062012,-1.910552979,66396152998
-1.696731567,7.078308105,-3.017425537,66396416289
-3.332046509,6.852172852,-4.464691162,66396695119
-4.108047485,6.93548584,-4.517059326,66396981575
-5.243484497,6.56652832,-3.015045166,66397267205
-6.302749634,5.952392578,-2.039093018,66397619368
-6.557449341,6.602233887,-1.520172119,66397878805
-6.328933716,7.444885254,-1.639190674,66398162559
-5.719558716,8.080444336,-1.765350342,66398452122
-5.75050354,8.013793945,-0.6418151855,66398706003
-7.197769165,7.271118164,-0.0514831543,66399031725
-7.892837524,6.940246582,-0.6227722168,66399277222
-8.076126099,6.76171875,-1.139312744,66399594947
-8.357009888,6.526062012,-1.948638916,66399850357
-7.433425903,7.156860352,-3.200714111,66400180396
-6.945449829,7.242553711,-3.755340576,66400473308
-7.045425415,6.564147949,-3.479217529,66400741843
-7.454849243,5.726257324,-1.355926514,66401028244
-7.500076294,5.271606445,0.01754760742,66401280154
-7.585769653,5.223999023,0.6340637207,66401598919
-7.145401001,5.726257324,-0.4823303223,66401847698
-6.902603149,6.090454102,-1.305938721,66402174181
-7.602432251,5.945251465,-1.965301514,66402460874
-7.428665161,6.123779297,-1.329742432,66402698837
-7.162063599,6.397521973,-0.3180847168,66403030936
-6.959732056,7.042602539,-0.2776184082,66403267487
-7.035903931,7.440124512,0.04135131836,66403653639
-7.333450317,7.906677246,-0.07528686523,66403867369
-7.085891724,8.301818848,-0.9179382324,66404116138
-6.655044556,8.456542969,-0.8846130371,66404401513
-6.514602661,8.313720703,-0.3871154785,66404701392
-6.757400513,7.816223145,-0.1371765137,66405056414
-6.976394653,7.494873047,-0.2419128418,66405266169
-7.131118774,7.259216309,-0.4823303223,66405555167
-6.805007935,7.194946289,-0.8227233887,66405919024
-6.683609009,7.078308105,-1.341644287,66406128056
-6.178970337,7.211608887,-0.9393615723,66406438944
-6.431289673,6.818847656,-0.9393615723,66406693318
-6.581253052,6.445129395,-0.6656188965,66406977655
-6.343215942,6.497497559,-0.196685791,66407297918
-6.167068481,6.704589844,-0.9941101074,66407551278
-5.862380981,6.928344727,-1.620147705,66407900070
-5.957595825,6.897399902,-1.241668701,66408132433
-6.143264771,6.616516113,-0.5680236816,66408418072
-6.524124146,6.656982422,-0.7822570801,66408759865
-6.92640686,6.728393555,-1.263092041,66408983135
-7.076370239,6.880737305,-1.215484619,66409332309
-6.631240845,7.142578125,-1.082183838,66409551859
-6.400344849,7.416320801,-1.229766846,66409833353
-6.18611145,7.466308594,-1.236907959,66410124390
-6.364639282,7.540100098,-1.503509521,66410471244
-6.364639282,7.609130859,-1.351165771,66410707417
-6.257522583,7.333007813,-0.9179382324,66411046615
-6.109939575,7.142578125,-0.6822814941,66411260065
-6.495559692,7.399658203,-1.234527588,66411540104
-7.043045044,7.259216309,-2.070037842,66411842955
-6.866897583,6.84979248,-2.422332764,66412118818
-6.821670532,6.002380371,-2.031951904,66412402460
-7.035903931,5.547729492,-0.4442443848,66412694618
-7.043045044,5.802429199,0.5840759277,66412936956
-6.078994751,6.252319336,0.8244934082,66413210159
-4.905471802,6.352294922,0.3436584473,66413502143
-4.926895142,6.338012695,-0.4537658691,66413786603
-5.650527954,6.199951172,-1.186920166,66414092339
-5.795730591,6.023803711,-1.4559021,66414358835
-5.174453735,5.588195801,-1.184539795,66414645721
-5.160171509,5.402526855,-1.046478271,66414956616
-5.77192688,4.724121094,-2.046234131,66415214244
-6.785964966,4.171875,-3.4815979,66415532475
-7.907119751,3.293518066,-5.521575928,66415813774
-7.18586731,3.08404541,-3.712493896,66416102279
-4.367507935,4.664611816,0.2222595215,66416403644
-2.451309204,6.578430176,1.46005249,66416689486
-3.308242798,8.48034668,-1.136932373,66416991001
-5.655288696,9.377746582,-3.134063721,66417267510
-6.20753479,9.334899902,-3.100738525,66417550952
-5.191116333,10.26800537,1.15536499,66417864713
-3.996170044,11.62719727,3.347686768,66418249417
-3.960464478,14.12658691,0.1627502441,66418413817
-3.058303833,16.3927002,-3.702972412,66418678732
-0.7183990479,19.53895569,-6.457061768,66418976845
0.6098480225,19.53895569,-8.447052002,66419252820
0.6217498779,19.53895569,-8.375640869,66419543753
0.3646697998,19.53895569,-8.59463501,66419849403
1.181137085,19.53895569,-4.74319458,66420292233
4.118515015,19.53895569,2.581207275,66420418599
9.586227417,19.53895569,5.451934814,66420677161
14.85160828,19.53895569,6.775421143,66420959516
19.6831665,19.53895569,13.8117981,66421248979
19.6831665,19.31341553,18.24880981,66421531701
19.6831665,12.65075684,19.02005005,66421816696
19.6831665,7.475830078,16.95388794,66422105822
19.6831665,4.414672852,14.46401978,66422401595
19.6831665,2.69128418,10.38882446,66422674415
19.6831665,-1.519592285,5.404327393,66422959502
19.6831665,-4.516479492,1.469573975,66423260073
19.6831665,-7.834716797,-1.365447998,66423546866
19.6831665,-12.33123779,-2.298553467,66423840963
19.6831665,-15.86132813,-2.981719971,66424118323
17.76280212,-18.27026367,-3.726776123,66424423729
14.55882263,-18.81536865,-6.011932373,66424687590
13.65428162,-17.99414063,-9.046905518,66425051583
13.63285828,-15.91845703,-11.67007446,66425261046
11.75950623,-14.75921631,-13.21017456,66425527615
10.10276794,-14.02130127,-11.19161987,66425813855
10.45744324,-11.61474609,-8.142364502,66426129027
13.48765564,-6.915893555,-8.120941162,66426419890
15.74662781,-1.360107422,-9.780059814,66426683333
15.01585388,1.901000977,-8.278045654,66426969182
12.55693054,2.243774414,-4.505157471,66427256132
9.864730835,2.498474121,-3.598236084,66427539567
7.910446167,2.810302734,-5.438262939,66427850667
7.831893921,3.181640625,-7.447296143,66428187558
8.35319519,4.069519043,-9.063568115,66428396440
8.296066284,4.73840332,-9.134979248,66428683621
7.379623413,4.807434082,-8.151885986,66428971906
6.972579956,4.62890625,-6.447540283,66429271262
6.451278687,5.076416016,-6.345184326,66429570494
5.227767944,5.823852539,-7.473480225,66429818246
4.549362183,6.211853027,-9.065948486,66430101215
4.030441284,6.502258301,-9.691986084,66430396521
4.358932495,6.859313965,-8.413726807,66430678957
4.485092163,7.723388672,-5.457305908,66430967820
4.073287964,8.970703125,-5.9190979,66431247013
3.054489136,8.646972656,-7.775787354,66431538479
2.430831909,7.913818359,-6.347564697,66431835807
1.864303589,7.713867188,-4.869354248,66432251949
0.5503387451,7.45916748,-4.531341553,66432389091
-0.7945709229,6.766479492,-3.679168701,66432680921
-1.83241272,6.635559082,-3.057891846,66432951689
-2.753616333,6.680786133,-2.743682861,66433237406
-3.570083618,6.9140625,-3.145965576,66433539701
-4.188980103,6.595092773,-3.143585205,66433830792
-5.18397522,6.280883789,-2.660369873,66434112426
-6.283706665,6.157104492,-2.072418213,66434404204
-6.062332153,6.830749512,-1.28213501,66434687462
-5.262527466,7.897155762,-1.770111084,66434973766
-5.241104126,8.211364746,-2.619903564,66435259166
-5.848098755,7.940002441,-2.177154541,66435545106
-6.778823853,7.194946289,-0.756072998,66435844592
-7.307266235,6.999755859,-0.1133728027,66436116282
-7.254898071,7.073547363,-1.158355713,66436397703
-5.850479126,7.78527832,-2.815093994,66436690368
-5.029251099,8.223266602,-3.112640381,66436978895
-5.724319458,7.721008301,-2.150970459,66437269530
-6.983535767,6.928344727,-1.598724365,66437539611
-7.319168091,6.778381348,-1.279754639,66437821716
-6.96925354,7.21875,-2.179534912,66438115480
-6.095657349,7.671020508,-2.448516846,66438405082
-5.517227173,8.00189209,-1.539215088,66438684197
-5.79335022,7.794799805,-0.806060791,66438964986
-6.350357056,7.528198242,-0.4966125488,66439442727
-6.893081665,7.164001465,-1.041717529,66439649251
-6.83833313,7.028320313,-1.441619873,66439892189
-6.474136353,7.08782959,-2.139068604,66440108164
-6.324172974,7.263977051,-2.824615479,66440377386
-6.238479614,7.340148926,-2.534210205,66440678704
-6.586013794,7.059265137,-2.148590088,66440971746
-6.636001587,6.937866211,-1.71774292,66441267146
-6.6431427,6.816467285,-1.80581665,66441559442
-6.312271118,6.856933594,-2.112884521,66441829837
-5.150650024,7.34967041,-2.703216553,66442105788
-5.222061157,7.323486328,-3.405426025,66442397377
-6.064712524,6.609375,-3.517303467,66442695394
-6.540786743,6.221374512,-2.981719971,66442991223
-6.809768677,6.071411133,-2.396148682,66443283026
-6.793106079,6.090454102,-2.322357178,66443555400
-6.436050415,6.568908691,-2.462799072,66443821775
-6.883560181,6.578430176,-2.641326904,66444119095
-7.035903931,6.942626953,-2.684173584,66444418423
-7.114456177,7.02355957,-2.553253174,66444721179
-6.683609009,7.37109375,-2.303314209,66445007106
-6.440811157,7.594848633,-1.722503662,66445246902
-6.390823364,7.578186035,-1.289276123,66445550825
-6.550308228,7.275878906,-1.144073486,66445851090
-6.586013794,7.068786621,-0.9869689941,66446155122
-6.248001099,7.080688477,-1.30355835,66446418918
-6.09803772,7.249694824,-1.841522217,66446661510
-6.516983032,6.821228027,-2.0652771,66446943773
-6.85975647,6.407043457,-1.546356201,66447227793
-7.216812134,6.264221191,-1.593963623,66447513200
-7.107315063,6.709350586,-1.934356689,66447842026
-6.719314575,7.137817383,-2.00100708,66448103324
-6.269424438,7.642456055,-1.213104248,66448371264
-6.419387817,7.970947266,-0.6941833496,66448688419
-6.452713013,8.15423584,-0.6513366699,66448950753
-6.374160767,7.842407227,-0.7584533691,66449233568
-6.133743286,7.540100098,-0.8774719238,66449545162
-6.052810669,7.144958496,-0.882232666,66449815209
-6.516983032,6.661743164,-1.401153564,66450086740
-6.757400513,6.383239746,-2.04385376,66450376362
-6.712173462,6.39276123,-2.341400146,66450661529
-6.557449341,6.402282715,-1.917694092,66450997358
-6.571731567,6.230895996,-1.546356201,66451239917
-6.445571899,6.13092041,-1.251190186,66451524335
-6.086135864,6.176147461,-1.146453857,66451819873
-5.81477356,5.930969238,-1.310699463,66452145858
-5.460098267,5.464416504,-1.617767334,66452431110
-5.041152954,4.364685059,-1.613006592,66452731093
-4.246109009,2.824584961,-1.601104736,66453027930
-3.46534729,0.6251220703,-1.905792236,66453251209
-3.905715942,-2.797851563,-2.384246826,66453556232
-4.562698364,-5.673339844,-3.781524658,66453816535
-3.501052856,-6.551696777,-7.735321045,66454176277
-1.358718872,-5.475769043,-10.96786499,66454360799
3.156845093,-2.381286621,-10.25137329,66454652916
8.43888855,3.172119141,-5.819122314,66454953933
11.23106384,9.24206543,-2.58895874,66455237507
13.46861267,17.64953613,-1.641571045,66455592834
13.02348328,19.53895569,-3.338775635,66455860152
10.31700134,19.53895569,-4.505157471,66456099676
9.469589233,19.53895569,-3.453033447,66456414448
6.570297241,19.53895569,0.4579162598,66456679375
6.013290405,19.53895569,3.649993896,66457044291
4.599349976,19.53895569,3.095367432,66457299007
4.447006226,19.53895569,3.559539795,66457533998
6.584579468,19.53895569,9.693756104,66457854275
9.936141968,19.53895569,18.79153442,66458094598
14.26603699,19.53895569,19.31521606,66458388408
19.60520935,19.53895569,19.31521606,66458669797
19.6831665,14.88830566,17.89413452,66458960987
19.6831665,10.6940918,15.77322388,66459243157
19.6831665,8.554138184,16.5039978,66459522164
19.6831665,6.573669434,15.93984985,66459817518
19.6831665,5.671508789,16.28738403,66460097331
19.6831665,3.610107422,12.02175903,66460382208
19.6831665,-0.3603515625,7.306243896,66460700968
19.6831665,-4.049926758,5.656646729,66461020066
19.6831665,-7.153930664,5.956573486,66461360282
19.6831665,-13.08105469,1.63381958,66461574347
19.6831665,-19.43188477,-3.717254639,66461817474
15.68473816,-19.46044922,-7.644866943,66462092964
13.14726257,-18.74157715,-10.70126343,66462368427
11.85472107,-16.02081299,-9.199249268,66462657165
10.9216156,-13.02630615,-8.211395264,66462944045
10.73356628,-10.25317383,-8.078094482,66463224482
10.18608093,-8.789245605,-8.566070557,66463514506
10.55979919,-6.75402832,-10.06332397,66463797056
10.53123474,-6.213684082,-9.691986084,66464085137
11.47386169,-4.894958496,-8.239959717,66464368495
11.50480652,-4.433166504,-8.425628662,66464652114
11.12632751,-3.564331055,-9.394439697,66464940348
11.06443787,-2.514587402,-9.589630127,66465217794
10.23368835,-1.776672363,-9.384918213,66465512586
9.512435913,-0.9340209961,-8.22567749,66465809613
8.379379272,-0.6602783203,-6.721282959,66466111416
7.43913269,0.7060546875,-7.554412842,66466378884
7.760482788,2.353271484,-8.287567139,66466667161
7.722396851,3.743408203,-8.218536377,66466949485
7.362960815,4.100463867,-7.04977417,66467233010
7.365341187,4.728881836,-4.833648682,66467530428
6.498886108,5.961914063,-4.921722412,66467804889
5.737167358,6.604614258,-6.652252197,66468178728
5.19682312,6.854553223,-7.785308838,66468357072
5.180160522,7.342529297,-7.066436768,66468643710
4.537460327,7.692443848,-6.247589111,66468940156
3.759078979,7.973327637,-6.335662842,66469246492
3.597213745,8.537475586,-5.742950439,66469567852
3.880477905,8.765991211,-5.247833252,66469825272
3.849533081,7.944763184,-4.617034912,66470090743
2.230880737,6.878356934,-2.443756104,66470376906
1.352523804,7.287780762,-0.2085876465,66470665443
-1.075454712,7.573425293,0.6959533691,66470946451
-3.924758911,7.601989746,-0.525177002,66471237178
-5.457717896,7.842407227,-2.162872314,66471517000
-6.138504028,8.585083008,-2.498504639,66471818835
-6.017105103,8.965942383,-1.463043213,66472093218
-6.428909302,8.846923828,-0.2347717285,66472375130
-6.426528931,9.161132813,0.6745300293,66472656633
-7.292984009,8.580322266,1.136322021,66472941634
-7.873794556,7.275878906,1.874237061,66473256899
-8.102310181,6.661743164,2.54788208,66473544985
-8.03565979,6.335632324,3.204864502,66473801325
-7.304885864,6.604614258,2.409820557,66474086130
-7.104934692,6.69744873,0.7459411621,66474369851
-7.088272095,6.36895752,-0.4156799316,66474663764
-6.940689087,5.754821777,-0.7846374512,66474945200
-7.021621704,4.902648926,-0.7370300293,66475354294
-7.657180786,3.71484375,-0.5394592285,66475494378
-7.792861938,2.741271973,-1.336883545,66475774631
-6.966873169,3.429199219,-3.8934021,66476061860
-6.502700806,4.545593262,-6.064300537,66476350484
-6.283706665,5.233520508,-5.566802979,66476655538
-5.888565063,5.897644043,-4.269500732,66476938181
-5.783828735,6.502258301,-3.015045166,66477225201
-5.926651001,7.209228516,-1.791534424,66477508382
-6.069473267,8.170898438,-1.517791748,66477803665
-6.378921509,8.849304199,-1.801055908,66478088479
-6.378921509,9.084960938,-1.648712158,66478363554
-6.405105591,8.951660156,-1.367828369,66478673201
-6.195632935,8.875488281,-1.351165771,66478937936
-6.452713013,8.477966309,-1.593963623,66479226747
-6.750259399,8.168518066,-1.881988525,66479512627
-7.016860962,7.863830566,-2.058135986,66479831326
-6.733596802,7.770996094,-2.024810791,66480082346
-6.136123657,7.985229492,-2.072418213,66480365274
-5.726699829,8.249450684,-2.353302002,66480648379
-5.790969849,8.149475098,-2.036712646,66480936431
-5.643386841,8.011413574,-1.993865967,66481222987
-5.417251587,7.811462402,-2.203338623,66481507988
-5.740982056,7.504394531,-2.548492432,66481796677
-6.07661438,6.95690918,-2.63180542,66482076529
-6.183731079,6.67364502,-2.61038208,66482548849
-6.100418091,6.561767578,-2.360443115,66482623979
-6.374160767,6.485595703,-2.281890869,66482916113
-6.240859985,6.659362793,-2.241424561,66483201773
-5.674331665,7.061645508,-2.484222412,66483504618
-5.374404907,7.432983398,-2.519927979,66483792666
-5.376785278,7.699584961,-2.558013916,66484090331
-5.752883911,7.897155762,-3.031707764,66484363746
-5.990921021,7.982849121,-3.169769287,66484642839
-5.852859497,7.982849121,-3.174530029,66484953669
-5.533889771,8.163757324,-2.869842529,66485213858
-5.267288208,8.261352539,-2.898406982,66485507984
-5.507705688,7.997131348,-2.91506958,66485794958
-5.557693481,7.592468262,-2.80557251,66486071139
-5.571975708,7.133056641,-2.857940674,66486384558
-5.276809692,6.552246094,-2.836517334,66486645175
-4.979263306,5.819091797,-2.698455811,66486937591
-5.200637817,4.916931152,-3.06741333,66487222732
-5.614822388,4.076660156,-3.286407471,66487502052
-6.002822876,3.391113281,-3.08883667,66487814655
-6.128982544,3.093566895,-3.26260376,66488080351
-5.681472778,3.200683594,-3.345916748,66488368755
-5.295852661,3.405395508,-3.379241943,66488649349
-5.043533325,3.164978027,-3.619659424,66488935978
-4.981643677,2.534179688,-3.345916748,66489260148
-4.803115845,1.867675781,-2.834136963,66489514197
-4.622207642,1.18927002,-2.727020264,66489773511
-4.455581665,0.6798706055,-2.586578369,66490093897
-3.243972778,0.5180053711,-1.981964111,66490343281
-1.430130005,0.9797973633,-2.705596924,66490645117
1.223983765,1.636779785,-3.643463135,66490966948
6.072799683,4.043334961,-5.4168396,66491233919
4.818344116,7.904296875,-11.14163208,66491520903
3.704330444,10.56555176,-15.63577271,66491803707
7.339157104,15.8237915,-11.75576782,66492080563
8.974472046,19.53895569,-9.670562744,66492376629
12.03562927,19.53895569,-9.273040771,66492633324
11.66191101,19.53895569,-9.323028564,66492950740
13.51145935,19.53895569,-7.121185303,66493235385
16.33934021,19.53895569,-1.965301514,66493500214
16.95823669,19.53895569,3.516693115,66493810478
16.00132751,19.53895569,10.21743774,66494060459
12.99967957,19.53895569,16.47543335,66494382799
11.62382507,17.91851807,18.26309204,66494633262
12.75926208,14.47888184,14.92581177,66494906937
16.10844421,13.10778809,13.33810425,66495246216
19.6831665,12.05566406,13.75704956,66495527253
19.6831665,10.31323242,14.4949646,66495815316
19.6831665,8.492248535,14.82345581,66496100251
19.6831665,5.502502441,13.76895142,66496421950
19.6831665,2.924560547,12.15029907,66496642641
19.6831665,-1.045898438,9.629486084,66496938399
19.6831665,-6.394592285,8.415496826,66497205972
19.6831665,-11.33624268,7.568084717,66497498188
19.6831665,-15.43762207,3.30960083,66497770768
19.6831665,-17.54425049,-2.374725342,66498045476
18.03892517,-18.36071777,-5.26449585,66498356901
16.98204041,-19.04388428,-7.042633057,66498682043
15.29911804,-18.87011719,-7.806732178,66498976126
14.62071228,-18.20361328,-8.142364502,66499237871
13.26152039,-17.27764893,-9.346832275,66499536389
10.46696472,-16.58258057,-10.71316528,66499819584
6.85118103,-15.47808838,-7.628204346,66500096770
7.153488159,-12.90252686,-4.971710205,66500394961
8.710250854,-9.541442871,-6.499908447,66500633688
12.11894226,-5.235351563,-7.466339111,66500969592
13.85899353,-1.66003418,-7.687713623,66501253559
13.81138611,1.191650391,-7.609161377,66501542180
13.00205994,2.391357422,-4.259979248,66501825947
12.51408386,3.607727051,-1.84866333,66502195095
11.69999695,5.009765625,-2.398529053,66502379743
12.18083191,6.890258789,-4.0909729,66502686614
11.12632751,7.556762695,-6.828399658,66502976070
9.448165894,6.626037598,-7.568695068,66503297901
8.246078491,6.552246094,-5.990509033,66503501982
6.239425659,6.502258301,-4.628936768,66503831888
4.508895874,6.975952148,-5.692962646,66504126560
3.704330444,7.711486816,-6.895050049,66504390674
3.578170776,7.859069824,-7.428253174,66504685034
3.837631226,8.566040039,-6.171417236,66504896259
3.090194702,9.161132813,-6.568939209,66505186439
2.387985229,9.413452148,-8.020965576,66505490131
1.904769897,9.165893555,-8.101898193,66505774046
1.490585327,8.556518555,-6.671295166,66506060176
0.2956390381,7.649597168,-4.702728271,66506348269
-0.3565826416,7.185424805,-3.441131592,66506637516
-1.482498169,6.902160645,-3.705352783,66506948205
-2.11567688,6.559387207,-3.200714111,66507239403
-2.565567017,6.647460938,-3.053131104,66507489684
-3.263015747,6.645080566,-3.553009033,66507773449
-4.646011353,6.32611084,-4.486114502,66508063206
-5.024490356,6.209472656,-4.043365479,66508345869
-5.153030396,6.56652832,-2.986480713,66508631042
-5.064956665,7.033081055,-1.410675049,66508916632
-4.941177368,7.580566406,-1.498748779,66509202625
-5.626724243,7.992370605,-2.329498291,66509491236
-5.895706177,7.875732422,-2.012908936,66509774290
-6.109939575,7.671020508,-0.4989929199,66510058408
-5.455337524,7.230651855,0.2008361816,66510342878
-5.92427063,7.568664551,-1.779632568,66510652338
-6.800247192,7.247314453,-2.277130127,66510992490
-7.209671021,7.037841797,-2.519927979,66511202348
-7.764297485,6.942626953,-3.512542725,66511538357
-7.376296997,6.942626953,-4.183807373,66511861335
-6.267044067,7.149719238,-4.079071045,66512085420
-6.050430298,6.845031738,-3.962432861,66512321403
-5.876663208,6.445129395,-3.055511475,66512620005
-6.702651978,5.671508789,-1.765350342,66512902405
-7.197769165,5.15020752,-1.191680908,66513214220
-6.964492798,5.124023438,-1.279754639,66513494895
-6.662185669,5.131164551,-1.344024658,66513771394
-6.583633423,5.190673828,-1.682037354,66514060162
-6.547927856,5.462036133,-2.010528564,66514332265
-7.171585083,5.571533203,-2.250946045,66514634545
-7.547683716,5.707214355,-1.867706299,66514912809
-7.331069946,5.988098145,-1.91293335,66515193311
-7.038284302,6.552246094,-2.246185303,66515502281
-6.288467407,6.961669922,-2.569915771,66515754290
-6.388442993,7.159240723,-2.984100342,66516056737
-7.028762817,7.083068848,-2.286651611,66516340554
-7.538162231,7.221130371,-1.929595947,66516624422
-7.431045532,7.17590332,-1.601104736,66516933688
-6.962112427,7.173522949,-1.686798096,66517189998
-6.3384552,7.342529297,-2.269989014,66517493639
-6.269424438,7.380615234,-2.757965088,66517769433
-7.190628052,6.861694336,-2.343780518,66518053056
-7.323928833,6.685546875,-1.496368408,66518460398
-7.14302063,6.925964355,-1.782012939,66518643367
-6.938308716,6.742675781,-2.248565674,66518899531
-6.702651978,6.335632324,-1.836761475,66519175313
-7.345352173,6.08807373,-1.817718506,66519456248
-7.181106567,5.861938477,-1.175018311,66519769900
-6.029006958,6.602233887,-1.693939209,66520052938
-5.133987427,7.304443359,-2.584197998,66520367246
-4.903091431,7.482971191,-2.738922119,66520622809
-5.226821899,7.506774902,-2.619903564,66520912928
-5.441055298,7.613891602,-2.32711792,66521208180
-4.929275513,7.825744629,-2.203338623,66521481562
-4.700759888,7.91619873,-2.657989502,66521767412
-4.981643677,7.701965332,-2.71987915,66522051252
-5.391067505,6.997375488,-2.896026611,66522397601
-6.09803772,6.390380859,-2.950775146,66522674586
-6.616958618,6.066650391,-3.086456299,66522919729
-6.954971313,5.819091797,-2.80557251,66523193406
-6.281326294,5.926208496,-2.553253174,66523501424
-5.179214478,6.685546875,-2.510406494,66523769948
-4.962600708,7.290161133,-2.384246826,66524051672
-5.324417114,7.635314941,-2.41519165,66524341834
-5.110183716,8.239929199,-2.493743896,66524618317
-4.622207642,8.670776367,-2.005767822,66524908682
-3.927139282,8.904052734,-1.672515869,66525199281
-3.774795532,8.808837891,-1.655853271,66525649143
-4.33656311,8.425598145,-1.255950928,66525799652
-4.800735474,8.128051758,-0.932220459,66526028631
-4.660293579,7.244934082,-1.215484619,66526308019
-4.603164673,6.388000488,-1.191680908,66526612330
-4.724563599,6.559387207,-1.874847412,66526864506
-4.436538696,6.840270996,-1.812957764,66527142581
-4.241348267,6.778381348,-1.779632568,66527421693
-4.912612915,6.409423828,-2.227142334,66527716068
-4.964981079,5.581054688,-3.593475342,66527991416
-3.591506958,5.252563477,-4.888397217,66528327566
-0.2232818604,6.247558594,-5.254974365,66528568194
2.987838745,7.394897461,-2.779388428,66528850647
3.637680054,7.935241699,-2.586578369,66529137218
3.199691772,9.963317871,-7.387786865,66529494422
6.658370972,12.46746826,-7.925750732,66529749668
6.803573608,13.97424316,-5.664398193,66530128255
6.170394897,15.15014648,-5.359710693,66530387991
7.379623413,18.57788086,-6.307098389,66530620553
8.336532593,19.53895569,-8.435150146,66530920300
7.551010132,19.53895569,-12.10806274,66531210954
6.384628296,19.53895569,-11.42965698,66531471264
6.636947632,19.53895569,-6.126190186,66531754968
7.881881714,19.53895569,-1.605865479,66532042644
10.10752869,19.53895569,2.774017334,66532361948
13.49241638,19.53895569,4.361724854,66532825233
17.31767273,19.53895569,6.432647705,66532952490
19.6831665,19.53895569,8.922515869,66533173459
19.6831665,17.14251709,13.32144165,66533456181
19.6831665,13.59338379,16.98007202,66533759752
19.6831665,10.53936768,19.31521606,66534096172
19.6831665,6.197570801,18.06552124,66534345426
19.6831665,-0.03186035156,12.39785767,66534610376
19.6831665,-6.899230957,5.075836182,66534895236
19.6831665,-14.21173096,1.053009033,66535183038
19.6831665,-19.46044922,-1.820098877,66535470080
18.66734314,-19.46044922,-4.793182373,66535860195
14.47312927,-19.46044922,-9.065948486,66536094997
12.44267273,-19.46044922,-11.79385376,66536329316
11.17155457,-18.47021484,-12.57461548,66536631184
11.65715027,-15.13531494,-13.56484985,66536900740
12.69499207,-11.63378906,-13.96713257,66537202140
13.27104187,-8.120361328,-11.724823,66537519955
13.34007263,-5.466247559,-9.503936768,66537795999
13.52574158,-2.545532227,-9.303985596,66538160747
12.95683289,-0.1532592773,-9.442047119,66538337791
12.32365417,0.9774169922,-9.615814209,66538657886
10.68357849,1.329711914,-8.544647217,66538911739
9.057785034,1.758178711,-8.092376709,66539199001
8.193710327,2.615112305,-9.063568115,66539484771
9.35295105,5.304931641,-9.937164307,66539765883
10.66691589,7.428222656,-8.592254639,66540058350
10.36698914,8.142333984,-4.617034912,66540350075
8.848312378,9.256347656,-2.120025635,66540591785
7.082077026,10.10852051,-3.472076416,66540873873
4.637435913,10.04663086,-6.409454346,66541213572
4.596969604,9.78717041,-6.942657471,66541509276
4.504135132,9.401550293,-3.764862061,66541773954
2.604598999,9.018310547,-0.6513366699,66542063417
0.8050384521,9.653869629,-0.3775939941,66542351120
-0.3994293213,9.422973633,-1.951019287,66542610527
-1.37538147,8.870727539,-2.198577881,66542925465
-2.425125122,8.082824707,-2.229522705,66543182439
-2.994033813,7.356811523,-1.872467041,66543495590
-3.365371704,6.845031738,-2.120025635,66543797295
-4.565078735,6.292785645,-2.857940674,66544035788
-5.307754517,6.36895752,-3.305450439,66544365673
-5.890945435,6.476074219,-2.039093018,66544658158
-6.731216431,6.407043457,-0.6894226074,66544934375
-7.378677368,6.399902344,-0.525177002,66545192063
-7.123977661,7.040222168,-0.7632141113,66545474402
-6.683609009,7.37109375,-1.960540771,66545810085
-6.771682739,7.399658203,-3.2840271,66546033545
-5.962356567,7.78527832,-3.195953369,66546363885
-5.826675415,7.375854492,-1.246429443,66546774634
-6.205154419,7.168762207,0.1175231934,66546912280
-6.043289185,7.368713379,0.7364196777,66547299790
-5.850479126,8.042358398,-0.1943054199,66547536482
-5.214920044,8.392272949,-1.225006104,66547754599
-5.35774231,8.287536621,-1.670135498,66548010629
-6.378921509,7.494873047,-1.741546631,66548300759
-7.035903931,6.664123535,-0.7965393066,66548660153
-7.483413696,6.230895996,-0.5489807129,66548892422
-7.485794067,6.247558594,-2.029571533,66549232925
-6.940689087,6.540344238,-3.312591553,66549507167
-6.038528442,6.621276855,-3.091217041,66549750130
-6.22895813,6.357055664,-2.317596436,66550080695
-6.364639282,6.404663086,-1.448760986,66550342317
-6.002822876,6.535583496,-0.9988708496,66550651283
-6.007583618,6.887878418,-1.175018311,66550948499
-6.286087036,7.099731445,-1.846282959,66551175888
-5.979019165,7.221130371,-2.150970459,66551524926
-6.133743286,7.30682373,-2.122406006,66551745146
-6.676467896,7.463928223,-1.841522217,66552105436
-7.333450317,7.287780762,-1.632049561,66552390842
-7.652420044,7.164001465,-0.8988952637,66552611403
-6.924026489,7.742431641,-0.8512878418,66552957043
-6.885940552,8.04473877,-1.472564697,66553268356
-6.788345337,8.054260254,-1.493988037,66553467644
-6.700271606,7.782897949,-0.9417419434,66553742168
-6.790725708,7.48059082,-0.9250793457,66554029059
-6.538406372,7.37109375,-1.491607666,66554396655
-6.412246704,7.209228516,-1.39163208,66554700391
-6.693130493,6.883117676,-1.791534424,66554884075
-6.726455688,6.790283203,-1.841522217,66555148993
-6.771682739,6.687927246,-1.698699951,66555447546
-6.362258911,6.533203125,-1.793914795,66555796390
-5.850479126,6.616516113,-1.691558838,66556031342
-5.474380493,6.890258789,-1.817718506,66556312096
-5.222061157,7.178283691,-2.289031982,66556610434
-5.35774231,7.254455566,-2.538970947,66556897014
-5.693374634,7.156860352,-2.765106201,66557172034
-6.002822876,6.980712891,-2.848419189,66557464063
-6.131362915,6.942626953,-2.488983154,66557766778
-6.27180481,6.899780273,-2.229522705,66558023062
-6.11946106,7.085449219,-2.070037842,66558347845
-6.281326294,7.454406738,-2.360443115,66558602904
-6.395584106,7.856689453,-2.562774658,66558881377
-6.162307739,8.335144043,-2.427093506,66559165685
-6.0337677,8.61126709,-1.736785889,66559453202
-6.193252563,8.54699707,-1.177398682,66559752354
-5.912368774,8.266113281,-0.8155822754,66560034680
-5.745742798,8.099487305,-1.010772705,66560312528
-5.552932739,7.613891602,-1.163116455,66560597174
-5.740982056,6.883117676,-1.367828369,66560877662
-5.805252075,6.133300781,-1.563018799,66561173987
-5.731460571,5.202575684,-1.889129639,66561572893
-5.748123169,3.990966797,-2.055755615,66561818606
-5.571975708,2.753173828,-2.0652771,66562032385
-5.007827759,2.32232666,-2.293792725,66562291270
-3.539138794,2.729370117,-3.000762939,66562569497
-4.067581177,2.046203613,-3.629180908,66562914521
-6.983535767,0.2490234375,-4.657501221,66563166448
-8.511734009,0.08953857422,-9.299224854,66563450367
-7.907119751,2.810302734,-11.47250366,66563731403
-5.643386841,8.097106934,-9.277801514,66564022300
-4.87928772,11.29394531,-6.661773682,66564310395
-4.317520142,13.63146973,-2.579437256,66564594038
-4.905471802,14.82879639,-2.934112549,66564886532
-5.698135376,16.85925293,-6.647491455,66565176742
-3.950942993,19.53895569,-12.09616089,66565452882
-4.738845825,19.53895569,-13.27920532,66565739106
-5.721939087,19.53895569,-10.54653931,66566348767
-4.258010864,19.53895569,-6.699859619,66566505339
-2.408462524,19.53895569,1.500518799,66566746520
4.342269897,19.53895569,7.358612061,66566963814
19.22434998,19.53895569,5.997039795,66567176017
19.6831665,19.53895569,1.041107178,66567448180
19.6831665,19.53895569,2.664520264,66567737909
19.6831665,19.53895569,11.80990601,66568018681
19.6831665,13.66955566,19.25808716,66568313109
19.6831665,4.278991699,14.54257202,66568765235
19.6831665,1.543945313,7.472869873,66568980728
19.6831665,-0.7578735352,5.644744873,66569197723
19.6831665,-4.671203613,5.237701416,66569424052
19.6831665,-10.53643799,4.54977417,66569708796
19.6831665,-16.63970947,3.347686768,66570018561
19.6831665,-19.46044922,0.7816467285,66570301453
19.6831665,-19.46044922,-3.031707764,66570596193
17.45097351,-19.46044922,-5.664398193,66570876099
14.96824646,-19.46044922,-9.35635376,66571159741
11.38340759,-19.46044922,-11.44869995,66571444773
9.871871948,-19.46044922,-11.68673706,66571736622
9.448165894,-19.46044922,-13.98379517,66572005088
8.805465698,-19.46044922,-12.53652954,66572327463
12.28556824,-16.61352539,-10.94406128,66572619963
14.182724,-12.40264893,-8.694610596,66572869944
16.66307068,-7.113464355,-5.909576416,66573159111
16.99632263,-1.664794922,-5.757232666,66573448787
16.94395447,2.303283691,-6.633209229,66573738794
14.89445496,4.645568848,-6.621307373,66574016991
11.68571472,5.885742188,-4.662261963,66574312357
9.28868103,7.390136719,-5.728668213,66574598167
7.46055603,8.744567871,-7.694854736,66574885008
7.148727417,10.78930664,-7.873382568,66575166607
6.029953003,11.7890625,-6.804595947,66575460759
4.009017944,11.92236328,-4.017181396,66575727279
1.143051147,11.12493896,-3.379241943,66576001915
-1.173049927,10.23706055,-3.98147583,66576305687
-1.546768188,10.08233643,-3.693450928,66576618087
-2.075210571,9.999023438,-3.641082764,66576857796
-2.710769653,9.313476563,-3.074554443,66577197485
-3.401077271,8.506530762,-1.670135498,66577444695
-4.541275024,7.573425293,-1.179779053,66577738074
-5.760025024,6.411804199,-2.098602295,66578008788
-6.017105103,6.019042969,-4.474212646,66578337109
-5.77192688,6.330871582,-5.664398193,66578593855
-5.698135376,6.28326416,-5.652496338,66578889132
-6.093276978,5.82623291,-4.276641846,66579161581
-7.031143188,5.252563477,-2.627044678,66579451602
-7.312026978,5.21685791,-2.17477417,66579778800
-7.123977661,5.733398438,-4.5027771,66580009655
-6.562210083,6.21661377,-6.338043213,66580305592
-6.626480103,6.442749023,-6.573699951,66580650001
-7.250137329,6.06427002,-6.07144165,66580884512
-7.181106567,5.814331055,-5.335906982,66581153256
-6.914505005,6.138061523,-5.052642822,66581463586
-6.324172974,6.595092773,-5.164520264,66581721295
-5.586257935,7.059265137,-4.778900146,66582005301
-5.774307251,6.875976563,-3.8934021,66582304271
-6.131362915,6.678405762,-4.17666626,66582575267
-6.421768188,6.628417969,-4.43850708,66582874460
-6.209915161,6.723632813,-4.519439697,66583349922
-5.817153931,6.859313965,-4.724151611,66583503704
-5.502944946,6.852172852,-4.831268311,66583745810
-5.624343872,6.797424316,-4.797943115,66584010671
-6.038528442,6.171386719,-4.081451416,66584287679
-6.295608521,6.002380371,-3.548248291,66584580027
-6.500320435,5.685791016,-3.388763428,66584886640
-6.328933716,5.773864746,-3.310211182,66585167631
-5.931411743,6.023803711,-3.641082764,66585440797
-6.126602173,6.17376709,-3.755340576,66585756110
-6.25038147,6.178527832,-3.450653076,66586009591
-6.436050415,6.230895996,-3.031707764,66586298423
-6.614578247,6.147583008,-3.115020752,66586606119
-6.885940552,6.290405273,-2.691314697,66586864439
-6.909744263,6.509399414,-2.865081787,66587179555
-6.835952759,6.856933594,-2.831756592,66587445493
-6.883560181,7.118774414,-2.724639893,66587737856
-7.304885864,7.056884766,-1.962921143,66588041768
-7.938064575,6.875976563,-1.39163208,66588339580
-8.214187622,6.897399902,-0.8441467285,66588601918
-7.719070435,7.149719238,-0.2442932129,66588882616
-6.809768677,7.268737793,-0.4728088379,66589164658
-6.22895813,7.268737793,-1.327362061,66589469220
-6.638381958,6.973571777,-2.203338623,66589741905
-6.983535767,6.666503906,-2.303314209,66590037001
-6.957351685,6.726013184,-2.334259033,66590326613
-6.785964966,6.84979248,-2.450897217,66590575494
-6.395584106,6.883117676,-2.269989014,66590893408
-6.309890747,6.690307617,-2.229522705,66591130829
-6.452713013,6.611755371,-2.879364014,66591410553
-6.462234497,6.316589355,-3.122161865,66591719824
-6.562210083,6.019042969,-2.910308838,66592035613
-6.778823853,5.721496582,-2.836517334,66592332200
-6.809768677,5.595336914,-2.574676514,66592605142
-6.914505005,5.635803223,-2.61038208,66592903607
-6.66456604,6.164245605,-2.82699585,66593177464
-6.609817505,6.737915039,-3.24118042,66593431402
-6.464614868,6.835510254,-3.274505615,66593741409
-6.347976685,6.990234375,-2.948394775,66594038457
-6.078994751,7.497253418,-2.803192139,66594337710
-5.660049438,7.592468262,-2.905548096,66594609336
-5.343460083,7.713867188,-2.850799561,66594896198
-5.441055298,7.575805664,-2.831756592,66595199154
-5.738601685,7.411560059,-3.157867432,66595476045
-5.781448364,7.006896973,-3.169769287,66595771744
-5.760025024,6.502258301,-3.005523682,66596044268
-5.936172485,6.04284668,-2.943634033,66596336718
-6.397964478,5.60723877,-3.076934814,66596628422
-6.681228638,5.066894531,-3.345916748,66596899553
-6.274185181,4.633666992,-3.35067749,66597185161
-5.517227173,4.267089844,-3.80770874,66597438793
-5.050674438,3.481567383,-4.205230713,66597840281
-4.976882935,2.400878906,-4.359954834,66598051669
-5.448196411,1.420166016,-4.221893311,66598338266
-6.466995239,1.286865234,-3.793426514,66598553421
-7.423904419,2.486572266,-4.13381958,66598870178
-5.481521606,4.788391113,-3.990997314,66599189770
-1.775283813,7.273498535,-2.074798584,66599421833
0.2218475342,9.611022949,-0.3609313965,66599784395
-0.1114044189,11.05352783,-0.2252502441,66600056845
-1.294448853,12.0032959,-0.2038269043,66600300439
-2.670303345,12.12469482,-1.153594971,66600589875
-2.884536743,12.84118652,-3.231658936,66600860108
-2.820266724,12.934021,-5.302581787,66601181967
-1.611038208,13.16967773,-7.285430908,66601481344
-1.323013306,13.27679443,-8.063812256,66601732033
0.3908538818,14.86688232,-8.078094482,66602053571
4.277999878,19.08251953,-7.111663818,66602293896
6.944015503,19.53895569,-3.764862061,66602643706
6.179916382,19.53895569,0.5269470215,66602870256
6.156112671,19.53895569,3.207244873,66603147209
9.172042847,19.53895569,1.036346436,66603501548
10.21226501,19.53895569,2.074188232,66603695304
14.60404968,19.53895569,6.435028076,66604017908
19.6831665,19.53895569,9.29385376,66604294290
19.6831665,19.53895569,10.67922974,66604690250
19.6831665,19.53895569,11.80038452,66604837204
19.6831665,17.46386719,9.931793213,66605124557
19.6831665,9.565795898,10.18887329,66605407672
19.6831665,0.5894165039,13.24526978,66605691277
19.6831665,-8.089416504,15.15670776,66606034380
19.6831665,-13.94512939,13.92605591,66606287165
19.6831665,-16.42547607,10.23886108,66606570687
19.6831665,-18.10125732,6.953948975,66606856873
19.6831665,-19.46044922,2.528839111,66607209142
19.6831665,-19.46044922,-1.655853271,66607427074
19.64567566,-19.46044922,-4.074310303,66607796692
16.73448181,-19.46044922,-5.785797119,66608004475
12.79020691,-19.46044922,-9.361114502,66608288484
8.476974487,-19.46044922,-13.8243103,66608572444
6.532211304,-19.46044922,-15.81430054,66608857442
7.17729187,-19.46044922,-14.96450806,66609168913
8.393661499,-17.68707275,-11.88430786,66609429427
9.743331909,-14.40692139,-9.827667236,66609743697
12.2308197,-11.05059814,-9.22543335,66610001754
14.86112976,-6.675476074,-8.782684326,66610320564
15.91801453,-3.33581543,-6.254730225,66610569184
16.27030945,-0.1627807617,-4.531341553,66610859110
15.34434509,1.874816895,-5.147857666,66611140924
13.13298035,2.588928223,-5.274017334,66611425204
10.8144989,3.174499512,-5.454925537,66611858514
8.91734314,3.755310059,-5.94052124,66611979528
7.803329468,4.067138672,-6.368988037,66612259164
7.484359741,5.093078613,-6.185699463,66612545280
7.096359253,6.378479004,-6.835540771,66612830687
6.189437866,6.816467285,-6.595123291,66613145228
5.951400757,7.644836426,-5.052642822,66613425801
5.220626831,8.506530762,-4.709869385,66613711912
3.992355347,8.875488281,-5.973846436,66613998156
2.987838745,9.094482422,-6.995025635,66614282706
2.511764526,9.332519531,-6.975982666,66614576247
2.28086853,9.710998535,-5.804840088,66614857301
1.569137573,9.644348145,-5.188323975,66615157623
1.245407104,9.984741211,-5.119293213,66615442175
1.202560425,10.52032471,-4.43850708,66615718738
0.0623626709,10.07519531,-3.793426514,66616006833
-1.580093384,9.163513184,-3.733917236,66616284713
-2.884536743,8.67791748,-3.100738525,66616576204
-3.822402954,7.942382813,-2.362823486,66616852128
-3.712905884,7.978088379,-1.691558838,66617135572
-4.029495239,7.961425781,-2.236663818,66617446565
-4.522232056,7.906677246,-2.996002197,66617719261
-4.867385864,7.444885254,-3.134063721,66618012344
-5.519607544,6.833129883,-2.603240967,66618287027
-6.095657349,6.461791992,-2.310455322,66618562409
-6.386062622,6.34753418,-2.524688721,66619044745
-6.693130493,6.656982422,-3.272125244,66619117453
-6.776443481,7.006896973,-4.536102295,66619442385
-6.312271118,7.254455566,-5.093109131,66619715443
-5.962356567,7.085449219,-3.826751709,66619979016
-6.145645142,7.178283691,-2.974578857,66620298560
-6.052810669,7.302062988,-3.048370361,66620593316
-5.92427063,7.41394043,-3.381622314,66620894574
-5.819534302,7.404418945,-2.950775146,66621133438
-5.712417603,7.313964844,-2.267608643,66621418511
-5.57673645,7.34967041,-2.117645264,66621700634
-5.686233521,7.316345215,-2.80557251,66622001197
-6.002822876,6.975952148,-3.536346436,66622277745
-5.595779419,7.078308105,-3.87197876,66622558882
-5.4243927,7.416320801,-3.607757568,66622846251
-5.933792114,7.597229004,-2.972198486,66623134301
-6.067092896,7.742431641,-2.491363525,66623420735
-6.128982544,7.71862793,-1.977203369,66623937626
-5.936172485,7.940002441,-2.031951904,66624002565
-5.981399536,8.163757324,-2.386627197,66624264192
-6.019485474,8.087585449,-2.850799561,66624553002
-6.274185181,7.668640137,-2.598480225,66624827984
-6.578872681,7.518676758,-2.193817139,66625111323
-6.864517212,7.613891602,-1.931976318,66625442268
-6.474136353,7.825744629,-2.267608643,66625692640
-5.807632446,7.76385498,-2.734161377,66625990133
-5.567214966,7.497253418,-3.1769104,66626451606
-5.757644653,7.144958496,-3.141204834,66626696507
-5.94569397,6.78314209,-2.434234619,66626912004
-5.974258423,6.433227539,-1.720123291,66627126413
-5.61958313,6.728393555,-1.705841064,66627410376
-5.233963013,7.08782959,-2.162872314,66627706932
-4.865005493,7.50201416,-3.084075928,66627987662
-4.936416626,7.333007813,-3.107879639,66628266961
-5.414871216,7.294921875,-2.669891357,66628562941
-5.452957153,7.097351074,-2.553253174,66628837855
-5.181594849,6.787902832,-2.584197998,66629125225
-5.410110474,6.128540039,-2.888885498,66629419424
-5.538650513,5.34777832,-3.062652588,66629689295
-5.733840942,4.681274414,-3.257843018,66630024142
-5.795730591,3.933837891,-3.355438232,66630374458
-5.186355591,3.343505859,-3.267364502,66630563612
-4.676956177,3.038818359,-3.460174561,66630856404
-4.581741333,2.438964844,-3.748199463,66631193138
-4.795974731,2.310424805,-4.229034424,66631422834
-4.169937134,2.71270752,-4.778900146,66631702530
-2.948806763,3.73626709,-5.412078857,66631997237
-1.622940063,4.490844727,-5.15737915,66632274073
-0.8183746338,5.854797363,-4.069549561,66632546376
-1.891921997,8.211364746,-4.357574463,66632845549
-0.6898345947,9.944274902,-4.790802002,66633133018
1.633407593,12.71502686,-2.815093994,66635124910
4.656478882,16.2689209,-0.8179626465,66635193000
3.597213745,17.73760986,0.1413269043,66635413778
1.245407104,17.55194092,-0.5823059082,66635641354
-0.2042388916,17.88995361,-4.436126709,66635961165
0.4932098389,19.53895569,-8.054290771,66636092521
1.983322144,19.53895569,-7.568695068,66636308478
2.242782593,19.53895569,-6.3309021,66636523369
2.528427124,19.53895569,-3.562530518,66636768046
4.73979187,19.53895569,0.5174255371,66636982373
9.514816284,19.53895569,5.351959229,66637197205
15.63951111,19.53895569,10.47689819,66637440468
19.6831665,19.53895569,14.1569519,66637655858
19.6831665,19.53895569,14.80679321,66637870881
19.6831665,14.81689453,14.26168823,66638114273
19.6831665,11.86523438,13.67611694,66638328669
19.6831665,8.732666016,12.10983276,66638543977
19.6831665,5.907165527,9.879425049,66638758836
19.6831665,0.5061035156,7.491912842,66640314831
19.6831665,-4.347473145,7.710906982,66640350893
19.6831665,-11.75994873,8.544036865,66640565682
19.6831665,-19.46044922,5.792327881,66640781297
