4.132797241,9.139709473,-0.8274841309,92596632679
4.049484253,9.127807617,-0.8941345215,92596915909
3.86857605,9.251586914,-0.7989196777,92597209823
3.73765564,9.430114746,-0.8774719238,92597487998
3.463912964,9.520568848,-1.101226807,92597771339
3.142562866,9.577697754,-1.39163208,92598062782
2.887863159,9.553894043,-1.770111084,92598391060
2.590316772,9.506286621,-2.017669678,92598965069
2.502243042,9.518188477,-1.886749268,92599186811
2.32371521,9.603881836,-1.846282959,92599430224
1.645309448,9.489624023,-2.61038208,92599645070
1.266830444,9.437255859,-3.229278564,92599859911
1.221603394,9.256347656,-3.562530518,92600104228
0.9597625732,8.892150879,-3.595855713,92600354951
0.3361053467,8.463684082,-3.04598999,92600626544
-0.5541534424,8.094726563,-2.812713623,92600926271
-0.8064727783,7.65435791,-3.355438232,92601210524
-0.823135376,7.073547363,-4.131439209,92601492069
-1.456314087,6.069030762,-4.686065674,92601796831
-2.370376587,4.909790039,-4.117156982,92602061674
-2.979751587,3.481567383,-2.11050415,92602343561
-3.289199829,1.82244873,0.9934997559,92602619687
-3.148757935,0.3251953125,3.450042725,92602914362
-2.0728302,-1.164916992,3.738067627,92603209944
-0.5065460205,-2.550292969,2.043243408,92603534829
1.542953491,-3.773803711,0.7983093262,92603782248
2.67124939,-4.749755859,3.133453369,92604057528
2.521286011,-4.361755371,8.774932861,92604369711
2.133285522,-2.328918457,11.68374634,92604625600
2.468917847,1.258300781,15.98983765,92604907197
7.034469604,6.08807373,19.31521606,92605195880
8.817367554,11.61767578,19.31521606,92605484796
6.367965698,18.28271484,19.31521606,92605820736
1.395370483,19.53895569,19.31521606,92606147524
2.230880737,19.53895569,19.31521606,92606365402
-4.217544556,19.53895569,19.31521606,92606618095
-7.885696411,19.53895569,19.31521606,92606926730
-8.614089966,15.8571167,19.31521606,92607213869
-8.25227356,12.25799561,19.31521606,92607510085
-6.176589966,10.74884033,19.31521606,92607802223
-3.843826294,11.38677979,19.31521606,92608082734
-3.541519165,13.44580078,19.31521606,92608367300
-9.049697876,13.61242676,19.31521606,92608666559
-13.20106506,12.74359131,19.31521606,92608904058
-16.53358459,9.927612305,7.627593994,92609183188
-18.58070374,3.893371582,-0.03720092773,92609480008
-14.65071106,-1.612426758,-9.22543335,92609759297
-5.998062134,-4.983032227,-12.23422241,92610036340
1.440597534,-3.911865234,-5.450164795,92610358100
-0.5731964111,-0.7150268555,3.033477783,92610617385
-6.854995728,2.053344727,6.311248779,92610921037
-2.379898071,4.93359375,-2.950775146,92611187655
-0.9112091064,6,-10.92501831,92611470842
3.709091187,5.538208008,-5.119293213,92611775457
10.39079285,4.374206543,1.519561768,92612048912
11.3167572,3.295898438,-2.441375732,92612334150
9.621932983,3.729125977,-5.995269775,92612622661
6.665512085,5.852416992,-5.107391357,92612990370
7.365341187,8.130432129,-5.107391357,92613178798
6.239425659,9.52532959,-3.845794678,92613482223
4.906417847,10.79406738,-2.429473877,92613754209
2.785507202,10.76074219,1.362457275,92614085641
3.466293335,9.346801758,6.53024292,92614328537
7.153488159,6.768859863,7.24911499,92614611075
6.403671265,3.219726563,-0.8274841309,92614912694
3.973312378,2.879333496,-9.532501221,92615183870
1.809555054,4.212341309,-8.501800537,92615470478
0.3503875732,4.633666992,2.538360596,92615752615
4.546981812,5.069274902,9.536651611,92616043013
5.453903198,5.781005859,3.426239014,92616343859
2.706954956,7.014038086,-3.017425537,92616614508
0.1861419678,7.556762695,-1.205963135,92616903969
-0.26612854,7.466308594,2.566925049,92617181797
2.049972534,6.78314209,5.50668335,92617472942
2.990219116,5.980957031,5.337677002,92617779594
1.381088257,5.45489502,2.397918701,92618048892
2.352279663,6.140441895,0.8482971191,92618342586
3.39012146,7.009277344,1.671905518,92618628072
2.528427124,7.992370605,1.574310303,92618915902
0.4646453857,8.499389648,2.533599854,92619212824
3.180648804,9.225402832,2.56930542,92619462861
5.48008728,10.4798584,3.276275635,92619752651
4.480331421,12.1104126,6.170806885,92620165306
7.377243042,14.58361816,10.37216187,92620649445
6.503646851,19.53895569,15.85653687,92620680043
-1.711013794,19.53895569,19.31521606,92620914891
-4.803115845,19.53895569,19.31521606,92621223364
-1.511062622,19.53895569,19.31521606,92621517971
-2.208511353,19.53895569,12.03604126,92621743438
-1.74671936,19.53895569,16.92770386,92622099097
4.387496948,18.77783203,19.31521606,92622343730
2.440353394,19.40386963,19.31521606,92622632692
-2.24659729,19.53895569,13.25241089,92622921853
-3.624832153,19.53895569,9.596160889,92623216676
-2.908340454,19.53895569,11.02914429,92623507371
-4.267532349,19.53895569,13.41665649,92623779489
-7.478652954,18.39459229,3.357208252,92624069971
-11.98707581,14.19561768,-10.22518921,92624351466
-13.82234192,5.583435059,-17.46627808,92624627776
-15.42671204,-5.223449707,-4.279022217,92624938119
-7.761917114,-1.57434082,12.41928101,92625172462
-19.19483948,2.884094238,10.39358521,92625463347
-8.647415161,4.916931152,-0.6989440918,92625786302
0.4003753662,1.553466797,-6.642730713,92626021379
9.990890503,-0.9649658203,-11.82241821,92626339478
14.68260193,-1.645751953,-7.171173096,92626616854
16.45597839,-1.302978516,2.516937256,92626898014
15.37052917,0.3704223633,6.475494385,92627279744
11.8356781,3.405395508,-4.56942749,92627462435
6.270370483,6.292785645,-12.30325317,92627808609
4.625534058,7.402038574,-5.347808838,92628026443
3.892379761,6.159484863,3.423858643,92628312235
4.56602478,5.06451416,0.6840515137,92628656319
2.899765015,5.10736084,-10.67745972,92628924710
0.2456512451,7.590087891,-18.59933472,92629208732
0.1075897217,7.759094238,-5.347808838,92629459948
6.120407104,6.490356445,16.51113892,92629746720
7.631942749,6.157104492,9.655670166,92630080098
5.984725952,7.790039063,-4.964569092,92630323750
3.80430603,8.751708984,-0.4704284668,92630629223
5.26109314,8.992126465,11.26480103,92630885872
7.798568726,8.475585938,8.451202393,92631172664
8.127059937,8.794555664,-1.496368408,92631457543
5.601486206,8.961181641,-4.081451416,92631750921
5.265853882,7.680541992,1.526702881,92632030686
3.794784546,6.730773926,5.897064209,92632352760
6.425094604,6.82598877,0.0246887207,92632596202
5.351547241,7.323486328,-4.012420654,92632892724
1.652450562,7.549621582,-3.821990967,92633174613
0.4075164795,8.232788086,-2.122406006,92633459161
-0.9373931885,8.463684082,0.2960510254,92633743958
-1.465835571,8.596984863,0.234161377,92634030259
-2.153762817,8.451782227,-0.5346984863,92634462115
-2.229934692,8.161376953,0.5317077637,92634607212
-1.668167114,7.973327637,1.043487549,92634881336
-0.1280670166,8.11138916,1.686187744,92635165611
0.5431976318,8.316101074,1.21963501,92635447838
0.2099456787,8.54699707,2.6121521,92635745311
1.021652222,9.611022949,5.492401123,92636022573
1.416793823,10.93212891,5.459075928,92636315835
6.715499878,14.27178955,4.328399658,92636602872
9.845687866,18.44458008,14.43783569,92636880733
4.368453979,19.53895569,19.31521606,92637167956
1.847640991,19.53895569,19.31521606,92637447250
0.9407196045,19.53895569,19.31521606,92637743143
-2.28944397,19.53895569,19.31521606,92638025398
-1.144485474,19.53895569,19.31521606,92638309765
0.8574066162,19.53895569,19.31521606,92638593091
-11.1396637,19.53895569,19.31521606,92638877043
-15.45051575,19.53895569,-2.684173584,92639171782
-11.15870667,19.47052002,-3.731536865,92639456693
-12.61073303,8.527954102,-1.405914307,92639751178
-10.16371155,1.724853516,15.01864624,92640021667
-9.456741333,-1.274414063,8.060821533,92640308675
-2.539382935,-2.893066406,-5.4168396,92640596389
3.816207886,-4.818786621,-8.680328369,92640880316
10.24320984,-4.51171875,2.595489502,92641170861
-3.136856079,-3.492919922,11.75515747,92641455875
-0.1304473877,0.1252441406,1.129180908,92641850033
1.590560913,1.989074707,-8.428009033,92642020100
-0.3756256104,3.076904297,-1.986724854,92642301333
3.294906616,5.102600098,0.8340148926,92642614076
2.626022339,6.873596191,-6.585601807,92642900236
4.623153687,7.511535645,-13.20065308,92643163331
6.996383667,6.271362305,-11.17019653,92643454859
9.286300659,4.224243164,-1.139312744,92643751696
10.04563904,3.607727051,1.876617432,92644025826
7.189193726,5.945251465,-5.619171143,92644311720
2.809310913,7.963806152,-9.542022705,92644589004
3.770980835,7.987609863,-1.486846924,92644886261
6.591720581,5.726257324,6.542144775,92645181240
8.379379272,2.469909668,2.159881592,92645457195
8.410324097,2.146179199,-5.250213623,92645747122
5.730026245,4.093322754,-4.828887939,92646029339
4.642196655,5.65246582,-4.079071045,92646333466
3.897140503,6.704589844,-2.362823486,92646601917
3.4115448,7.385375977,-1.477325439,92646871607
2.238021851,7.74005127,-1.094085693,92647177200
1.773849487,7.373474121,-0.4632873535,92647459012
3.23777771,6.640319824,1.471954346,92647733028
3.113998413,6.080932617,0.5293273926,92648043710
1.959518433,6.930725098,-1.063140869,92648295103
2.211837769,7.925720215,-2.146209717,92648610768
2.407028198,8.380371094,-1.915313721,92648883993
3.849533081,8.099487305,-0.753692627,92649269794
4.513656616,7.506774902,-0.04672241211,92649439648
2.616500854,6.89263916,-0.3061828613,92649740350
1.676254272,6.640319824,-1.563018799,92650045285
2.837875366,7.090209961,-1.877227783,92650298625
3.966171265,7.880493164,-1.791534424,92650585729
2.742660522,9.389648438,0.05563354492,92650894981
0.07664489746,11.44628906,1.281524658,92651154526
-1.532485962,12.95782471,5.340057373,92651467500
-0.5565338135,12.59362793,6.634979248,92651859873
4.658859253,12.60314941,5.282928467,92652037916
9.00541687,15.21203613,2.745452881,92652304794
5.411056519,18.28509521,7.177703857,92652575015
4.884994507,19.53895569,14.21408081,92652904740
3.292526245,19.53895569,19.31521606,92653187798
2.611740112,19.53895569,19.31521606,92653438822
0.01475524902,19.53895569,19.31521606,92653761253
-0.4898834229,19.53895569,19.16763306,92654009895
1.769088745,19.53895569,17.4180603,92654343513
-1.434890747,19.53895569,19.31521606,92654620094
-5.343460083,19.53895569,19.31521606,92654862629
-10.00898743,19.53895569,17.02053833,92655152733
-15.06489563,19.53895569,2.774017334,92655439808
-16.47407532,16.66882324,-5.464447021,92655739510
-15.38624573,6.818847656,2.436004639,92656037988
-10.76594543,0.9893188477,9.960357666,92656419914
-6.262283325,-4.578369141,-2.650848389,92656572250
-3.122573853,-4.902099609,-9.363494873,92656855847
-3.42250061,-1.955200195,-3.172149658,92657201244
-9.551956177,2.381835938,-4.545623779,92657454742
-13.79377747,5.352539063,-7.225921631,92657733954
-3.42250061,4.771728516,-5.0050354,92658012969
4.730270386,2.534179688,-3.200714111,92658293135
10.11943054,1.808166504,-4.069549561,92658595036
9.417221069,2.112854004,-4.088592529,92658861251
8.555526733,2.841247559,-9.822906494,92659152916
8.362716675,5.026428223,-15.55245972,92659462841
6.43699646,6.730773926,-11.64151001,92659718262
2.390365601,7.65435791,1.695709229,92660013274
2.578414917,7.442504883,-6.173797607,92660287670
3.271102905,8.65411377,-12.73410034,92660583740
2.666488647,9.142089844,-2.488983154,92660865456
3.813827515,7.885253906,10.91012573,92661144587
-0.03285217285,6.790283203,6.918243408,92661465575
4.820724487,8.08996582,-8.339935303,92661716462
4.894515991,10.17755127,-11.47012329,92662019396
2.692672729,10.07757568,-2.900787354,92662288679
4.299423218,8.582702637,8.282196045,92662579700
4.473190308,7.797180176,8.301239014,92662880746
6.808334351,7.225891113,-1.1512146,92663217461
4.792160034,7.078308105,-6.516571045,92663592517
1.988082886,6.388000488,-4.124298096,92663717207
1.043075562,5.0859375,2.312225342,92664000478
0.9811859131,4.783630371,3.738067627,92664347244
0.4789276123,5.307312012,1.00302124,92664614682
-0.3589630127,6.611755371,0.2436828613,92664890879
0.2075653076,8.425598145,2.938262939,92665157807
1.766708374,10.12042236,5.601898193,92665445517
2.568893433,10.69171143,2.8097229,92665746028
3.19493103,10.5536499,-1.851043701,92666016479
3.93522644,10.00616455,-3.433990479,92666305719
3.428207397,9.396789551,0.8244934082,92666590914
1.733383179,8.554138184,4.671173096,92666877516
2.944992065,8.17565918,5.261505127,92667177570
4.777877808,8.442260742,3.012054443,92667450337
10.02897644,10.41796875,2.081329346,92667736536
10.93589783,13.08398438,9.017730713,92668022134
11.2596283,17.76617432,17.26809692,92668309093
9.307723999,19.53895569,19.31521606,92668588338
3.028305054,19.53895569,19.31521606,92668883670
-0.05903625488,19.53895569,19.31521606,92669170190
0.3361053467,19.53895569,19.31521606,92669453937
-1.663406372,19.53895569,14.03555298,92669743762
0.08140563965,19.53895569,10.34597778,92670042635
0.7669525146,19.53895569,17.50375366,92670403790
-1.413467407,19.53895569,19.31521606,92670568147
-1.770523071,19.53895569,15.40188599,92670858579
-3.310623169,19.53895569,4.640228271,92671138200
-0.746963501,18.13989258,-0.7965393066,92671477503
-0.5017852783,15.16680908,2.847808838,92671790490
-9.561477661,12.07946777,7.787078857,92672031848
-12.77735901,7.309204102,5.047271729,92672317223
-16.50740051,2.581787109,-3.174530029,92672606457
-16.88349915,1.027404785,-0.6608581543,92672924792
-16.65022278,1.608215332,11.94796753,92673177422
-14.21986389,1.553466797,7.27053833,92673474890
-8.730728149,-0.1461181641,-14.92642212,92673749411
2.67124939,-2.288452148,-15.37631226,92673998591
10.00041199,-3.999938965,0.4602966309,92674335914
11.62382507,-3.295349121,-2.846038818,92674571486
8.61265564,-1.731445313,-13.0340271,92674897455
6.182296753,-0.07470703125,-12.6055603,92675141688
3.116378784,3.274475098,-2.788909912,92675422862
-2.675064087,7.559143066,-5.807220459,92675709174
-3.324905396,10.79882813,-17.30679321,92675991977
-4.362747192,11.39154053,-12.55081177,92676282817
-0.8159942627,10.52746582,6.375518799,92676567731
2.685531616,10.47033691,9.324798584,92676855411
3.54246521,10.36083984,-6.138092041,92677133720
0.9192962646,10.46081543,-8.775543213,92677587690
0.3265838623,8.896911621,1.986114502,92677715280
3.594833374,8.189941406,16.38735962,92677992079
6.079940796,7.582946777,10.04129028,92678273402
6.782150269,7.949523926,-1.651092529,92678555211
4.658859253,8.4375,-3.257843018,92678861468
2.673629761,8.17565918,2.39553833,92679483408
3.625778198,7.673400879,5.735198975,92679592258
2.635543823,6.711730957,4.176055908,92679750209
1.697677612,6.316589355,1.053009033,92679981720
0.5646209717,6.157104492,3.721405029,92680272705
2.785507202,6.756958008,4.911590576,92680528199
5.101608276,7.837646484,6.751617432,92680840241
5.253952026,8.93737793,4.9425354,92681095385
5.91569519,9.89666748,2.952545166,92681382392
5.570541382,10.20373535,2.485992432,92681674491
6.037094116,11.30822754,3.235809326,92681957675
3.992355347,13.16967773,1.229156494,92682247844
2.964035034,15.36676025,2.162261963,92682529045
1.293014526,16.53314209,7.344329834,92682812847
3.380599976,17.7019043,8.101287842,92683129561
4.58744812,19.37530518,6.739715576,92683422132
5.039718628,19.53895569,8.898712158,92683707222
6.946395874,19.53895569,15.15432739,92683994743
7.515304565,19.53895569,15.39950562,92684275945
5.799057007,19.53895569,9.777069092,92684599526
6.294174194,19.53895569,10.22219849,92684851552
6.556015015,19.53895569,19.31521606,92685134385
6.120407104,19.53895569,19.31521606,92685414475
1.738143921,19.53895569,19.31521606,92685693640
-9.054458618,19.53895569,11.57901001,92685993228
-12.33937073,19.53895569,17.43948364,92686285349
-13.05110168,19.53895569,19.31521606,92686610213
-18.41169739,19.53895569,19.31521606,92686850456
-17.29768372,19.53895569,10.0317688,92687131582
-18.92585754,19.53895569,-0.9298400879,92687421769
-19.3162384,16.3260498,-13.90286255,92687703502
-19.3162384,11.7890625,-11.70339966,92687985787
-19.3162384,6.404663086,3.923736572,92688276393
-19.3162384,-2.516967773,3.680938721,92688558803
-19.3162384,-11.42431641,-5.790557861,92688848353
-3.272537231,-16.4564209,-10.00619507,92689131078
6.075180054,-15.8637085,-15.96426392,92689425372
6.889266968,-11.89324951,-15.46438599,92689705429
4.018539429,-5.532897949,-8.185211182,92689990712
1.057357788,2.005737305,-4.833648682,92690281517
-5.460098267,9.803833008,-2.122406006,92690570336
-5.971878052,14.63360596,-5.792938232,92690856670
-2.191848755,15.17871094,-13.04830933,92691138214
-0.8017120361,13.56719971,-9.522979736,92691423117
2.897384644,11.26300049,0.2032165527,92691902436
3.332992554,10.61553955,10.42929077,92692164118
4.473190308,10.30371094,2.9168396,92692379573
6.015670776,8.639831543,-7.121185303,92692548017
6.122787476,6.123779297,-2.460418701,92692835106
5.727645874,5.031188965,6.520721436,92693118591
7.598617554,6.866455078,9.079620361,92693434186
6.898788452,8.999267578,1.48147583,92693687526
4.158981323,10.04901123,-3.353057861,92693996877
3.623397827,9.315856934,1.202972412,92694283403
4.763595581,8.673156738,6.799224854,92694567386
4.968307495,8.67791748,3.378631592,92694853549
3.059249878,8.711242676,-2.896026611,92695116808
2.223739624,7.74005127,-3.617279053,92695426939
1.573898315,5.535827637,2.43838501,92695718701
3.713851929,4.328979492,11.89321899,92696001284
6.917831421,4.605102539,5.030609131,92696282443
8.158004761,6.159484863,-4.957427979,92696547400
6.903549194,6.899780273,-3.745819092,92696863102
6.367965698,6.542724609,9.498565674,92697147971
8.348434448,8.11138916,17.45852661,92697411656
9.000656128,9.470581055,14.47116089,92697723619
8.122299194,10.10375977,9.75088501,92697978657
5.830001831,10.44177246,6.044647217,92698331206
3.768600464,10.0847168,5.318634033,92698582003
4.923080444,9.596740723,9.641387939,92698851207
6.703598022,10.5369873,13.08816528,92699178192
7.905685425,12.68884277,9.160552979,92699408733
8.360336304,13.51959229,12.62637329,92699684484
13.39958191,12.15325928,19.31521606,92699967998
19.6831665,10.45605469,19.31521606,92700284840
19.6831665,13.74810791,19.31521606,92700582657
12.45457458,19.53895569,19.31521606,92700829056
8.327011108,19.53895569,19.31521606,92701161118
5.80619812,19.53895569,19.31521606,92701415470
5.694320679,19.53895569,19.31521606,92701701653
-4.64125061,19.53895569,19.31521606,92701979385
-12.81782532,19.06347656,16.28262329,92702259151
-17.45002747,15.20489502,7.713287354,92702581118
-12.5059967,7.237792969,7.815643311,92702853545
-13.70094299,3.8671875,9.174835205,92703130993
-18.0403595,3.086425781,-1.491607666,92703405410
-15.7504425,-0.6317138672,-13.98379517,92703686051
-7.692886353,-1.119689941,-10.7774353,92703996702
-8.84022522,1.991455078,-4.343292236,92704291248
-4.68409729,3.99810791,-1.791534424,92704543878
0.9764251709,4.678894043,0.7126159668,92704837804
8.100875854,3.286376953,4.154632568,92705117162
11.02159119,1.710571289,4.22366333,92705408658
8.553146362,2.096191406,0.1865539551,92705726235
6.694076538,3.676757813,-8.923126221,92705972074
4.582687378,4.919311523,-9.899078369,92706384097
4.263717651,6.083312988,-6.202362061,92706572203
6.470321655,7.535339355,5.535247803,92706826331
2.62840271,6.169006348,3.604766846,92707241112
3.204452515,8.123291016,-19.68418884,92707473312
-0.5398712158,10.55841064,-19.68418884,92707717030
1.930953979,7.678161621,-0.3418884277,92707988426
7.85093689,5.343017578,15.70895386,92708248454
7.548629761,2.936462402,2.893035889,92708550345
3.632919312,5.133544922,-13.16970825,92708818484
1.185897827,8.604125977,-12.88644409,92709119396
2.549850464,8.968322754,3.097747803,92709412955
3.523422241,8.52557373,14.41641235,92709674844
1.185897827,6.218994141,5.251983643,92709988566
1.99760437,5.005004883,-4.229034424,92710252308
0.6050872803,4.843139648,-7.121185303,92710543218
1.340621948,4.745544434,-3.96005249,92710924324
3.273483276,4.995483398,0.7411804199,92711106693
3.318710327,6.437988281,-1.665374756,92711423169
1.340621948,8.258972168,-1.846282959,92711679205
2.142807007,8.644592285,4.863983154,92711975291
6.051376343,10.265625,13.7618103,92712293027
5.444381714,11.3605957,6.620697021,92712546294
5.2396698,12.62695313,-5.759613037,92712841508
2.218978882,12.15087891,-6.785552979,92713125890
0.6336517334,11.24871826,2.407440186,92713546635
3.425827026,11.48913574,10.09127808,92713748748
5.315841675,11.56054688,9.691375732,92713982798
7.058273315,13.09588623,4.706878662,92714247699
10.3122406,15.59527588,7.13961792,92714558722
6.475082397,18.28747559,15.41140747,92714845688
5.082565308,19.53895569,14.86154175,92715151449
6.617904663,19.53895569,15.00198364,92715422934
9.731430054,19.53895569,18.08218384,92715702836
6.127548218,19.53895569,19.31521606,92715989048
2.67124939,19.53895569,19.31521606,92716277685
3.113998413,19.53895569,19.31521606,92716576630
4.235153198,19.53895569,19.31521606,92716854110
-1.361099243,19.53895569,17.96554565,92717133916
-11.82044983,19.53895569,13.42141724,92717421673
-11.80854797,19.53895569,11.87179565,92717708426
-13.3629303,9.265869141,8.451202393,92718007227
-17.05964661,-4.333190918,0.4007873535,92718286188
-12.16798401,-11.71472168,0.972076416,92718566789
-4.679336548,-9.774719238,7.144378662,92718856448
-7.716690063,-3.264404297,2.121795654,92719108456
-12.42744446,3.348266602,-5.304962158,92719440085
-9.956619263,8.635070801,-9.201629639,92719691651
-6.105178833,9.468200684,-7.337799072,92719997727
1.726242065,8.608886719,-1.808197021,92720286893
6.420333862,7.382995605,4.89730835,92720725847
10.23368835,7.194946289,0.01516723633,92720914285
11.6547699,6.645080566,-4.662261963,92721128520
8.655502319,4.436096191,-1.039337158,92721386017
6.898788452,4.074279785,1.974212646,92721667371
3.966171265,5.078796387,4.404571533,92722035910
3.835250854,5.419189453,-4.514678955,92722250170
4.758834839,5.664367676,-10.57510376,92722527411
4.389877319,6.126159668,-3.422088623,92722810881
1.902389526,5.121643066,6.972991943,92723106864
3.247299194,4.514648438,2.940643311,92723386184
5.863327026,5.054992676,-8.37802124,92723669798
4.627914429,6.676025391,-10.90835571,92724021592
4.504135132,6.257080078,-5.09072876,92724246024
4.549362183,5.638183594,-2.408050537,92724530244
3.73765564,5.423950195,-3.841033936,92724812746
1.676254272,5.952392578,-3.798187256,92725097207
1.052597046,5.754821777,-0.2871398926,92725390371
1.064498901,5.343017578,4.947296143,92725676912
0.928817749,5.533447266,4.899688721,92725963226
1.266830444,6.557006836,0.1484680176,92726311884
1.021652222,8.542236328,-4.574188232,92726532962
0.4170379639,9.451538086,-2.796051025,92726817385
0.597946167,10.51318359,2.552642822,92727102508
0.002853393555,11.14160156,6.732574463,92727389085
1.471542358,10.83691406,5.528106689,92727721316
4.742172241,10.92022705,1.736175537,92727997299
3.528182983,11.7557373,0.6388244629,92728282347
0.7859954834,15.09777832,5.782806396,92728522811
-2.075210571,19.53895569,7.015838623,92728804145
-4.372268677,19.53895569,4.849700928,92729107832
-1.958572388,19.53895569,5.225799561,92729389900
0.5170135498,19.53895569,14.22360229,92729671140
1.392990112,19.53895569,12.49307251,92729961806
-0.1661529541,19.53895569,7.529998779,92730241733
-2.953567505,19.53895569,7.049163818,92730532646
-2.003799438,19.53895569,8.367889404,92730814199
1.940475464,19.53895569,9.855621338,92731099964
5.411056519,19.53895569,12.85488892,92731386860
-0.3732452393,19.53895569,16.48733521,92731670564
2.861679077,19.53895569,19.31521606,92731946900
-2.082351685,19.53895569,19.31521606,92732243132
-13.36054993,19.53895569,11.03866577,92732527202
-11.90614319,19.53895569,-9.375396729,92732815615
-4.707901001,9.844299316,-14.62173462,92733096717
0.3003997803,0.5061035156,4.649749756,92733373928
-7.035903931,-1.719543457,7.591888428,92733671861
-8.411758423,-3.035888672,8.313140869,92733955748
-13.14631653,-2.862121582,19.31521606,92734231030
-19.3162384,4.340881348,19.31521606,92734525226
-19.3162384,9.470581055,9.146270752,92734835992
-13.81758118,10.25610352,-12.91500854,92735136686
-3.543899536,8.61126709,-19.68418884,92735489238
4.842147827,4.833618164,-19.68418884,92735674864
10.67881775,1.294006348,-5.866729736,92735947160
15.48954773,-1.136352539,6.147003174,92736232862
14.55882263,0.3942260742,4.806854248,92736563452
10.91209412,4.712219238,-2.212860107,92736804904
5.782394409,5.30255127,-2.529449463,92737099113
1.842880249,4.62890625,7.568084717,92737561900
1.661972046,3.905273438,11.52426147,92737695496
2.097579956,0.8536376953,-1.346405029,92737956038
6.079940796,2.579406738,-19.68418884,92738231144
1.202560425,4.888366699,-12.5151062,92738530547
2.138046265,5.404907227,3.645233154,92738818118
3.428207397,4.962158203,7.85848999,92739156307
3.304428101,5.811950684,-1.689178467,92739389329
2.935470581,9.125427246,-9.953826904,92739658232
3.416305542,9.694335938,-1.862945557,92739953143
6.222763062,8.225646973,3.738067627,92740245497
6.08946228,6.835510254,3.33102417,92740518587
4.320846558,7.19732666,-1.689178467,92740848915
5.882369995,7.690063477,-3.705352783,92741101536
5.272994995,6.952148438,0.01992797852,92741381218
4.830245972,7.147338867,0.9649353027,92741676191
5.201583862,8.475585938,-1.025054932,92741946560
5.368209839,10.84643555,-2.269989014,92742266914
2.994979858,12.62219238,-1.377349854,92742631379
-0.09950256348,13.77905273,-0.4656677246,92742826772
1.169235229,14.64550781,0.5697937012,92743082832
3.568649292,15.44055176,-0.8536682129,92743383978
3.80430603,15.65716553,-0.5870666504,92743691989
2.78074646,15.52862549,3.150115967,92743966900
4.556503296,15.980896,5.923248291,92744227152
5.284896851,17.47814941,2.181304932,92744540785
4.358932495,18.77545166,0.4555358887,92744801960
3.247299194,19.23962402,1.191070557,92745113634
3.628158569,19.53895569,1.06729126,92745411706
3.747177124,19.53895569,1.193450928,92745657755
3.811447144,19.53895569,5.701873779,92745976719
2.240402222,19.53895569,13.86178589,92746255805
4.313705444,19.53895569,14.05935669,92746565327
5.339645386,19.53895569,7.991790771,92746844081
1.131149292,19.53895569,6.449310303,92747090869
-4.136611938,19.53895569,2.171783447,92747409461
0.6455535889,19.53895569,-8.020965576,92747662496
2.837875366,19.53895569,-10.75601196,92747940921
0.4098968506,11.84381104,-14.42654419,92748225595
3.58531189,2.450866699,-0.1585998535,92748524004
2.316574097,3.131652832,11.20053101,92748838031
-7.357254028,4.828857422,4.295074463,92749118098
-13.32722473,2.922180176,3.050140381,92749443555
-18.47358704,-3.947570801,13.79275513,92749650586
-17.07392883,-6.765930176,19.31521606,92749933738
-17.8094635,-2.833557129,0.386505127,92750220707
-11.35389709,0.1228637695,-13.56246948,92750538860
2.009506226,1.16784668,-19.68418884,92750819021
7.127304077,2.262817383,-19.08969116,92751119172
8.443649292,3.75769043,-1.225006104,92751362620
7.310592651,5.645324707,6.413604736,92751651469
6.248947144,6.585571289,6.473114014,92751940138
5.427719116,7.525817871,1.538604736,92752284592
5.796676636,6.223754883,-2.648468018,92752523489
6.54649353,5.264465332,-3.900543213,92753153744
0.6693572998,5.459655762,2.514556885,92753339268
0.2575531006,6.97833252,2.952545166,92753555026
-1.561050415,7.656738281,2.645477295,92753797714
2.357040405,7.613891602,0.9363708496,92754013718
5.325363159,6.93548584,3.89755249,92754229631
4.815963745,6.547485352,11.11959839,92754475363
6.367965698,6.178527832,10.85299683,92754761533
8.393661499,6.554626465,-2.027191162,92755050275
8.162765503,7.701965332,-7.778167725,92755326108
5.463424683,8.404174805,-2.253326416,92755612852
4.742172241,9.83001709,11.24813843,92755906554
5.839523315,12.33178711,13.25717163,92756185839
8.486495972,16.2522583,0.9363708496,92756565070
7.234420776,19.26342773,-6.404693604,92756781245
3.959030151,18.16845703,1.319610596,92757092547
1.14781189,16.30224609,13.43093872,92757373874
1.074020386,15.12634277,16.83010864,92757690379
5.103988647,13.86950684,7.965606689,92757940011
5.815719604,13.12207031,-2.831756592,92758220946
4.049484253,11.84857178,-3.400665283,92758514900
1.719100952,10.42272949,0.6102600098,92758807945
2.030929565,9.501525879,4.268890381,92759080288
3.113998413,8.930236816,4.080841064,92759366399
3.218734741,8.854064941,1.579071045,92759659174
2.073776245,9.065917969,0.4222106934,92759942141
0.7455291748,9.484863281,0.03897094727,92760247155
2.752182007,9.965698242,-0.06338500977,92760517935
3.011642456,10.13946533,0.9792175293,92760953618
1.809555054,10.09661865,2.993011475,92761167088
0.9145355225,9.841918945,3.573822021,92761410281
0.6812591553,9.427734375,2.54788208,92761679460
2.321334839,9.344421387,1.248199463,92761950091
1.878585815,8.951660156,0.1484680176,92762208335
1.685775757,8.604125977,0.3055725098,92762522433
2.404647827,8.258972168,3.411956787,92762842769
2.64982605,8.00189209,5.401947021,92763078600
2.380844116,8.244689941,4.952056885,92763383065
2.478439331,8.499389648,3.328643799,92763830888
3.183029175,8.856445313,5.613800049,92763929541
3.592453003,9.194458008,5.782806396,92764214884
3.323471069,9.377746582,3.630950928,92764505624
1.421554565,8.299438477,5.459075928,92764818968
1.930953979,8.130432129,8.37979126,92765103393
2.840255737,7.090209961,9.084381104,92765388052
3.732894897,6.749816895,7.156280518,92765673245
4.801681519,7.559143066,10.01986694,92765920089
2.164230347,7.449645996,7.080108643,92766246815
2.961654663,7.104492188,5.701873779,92766496311
0.7336273193,6.552246094,1.383880615,92766800795
-1.194473267,6.373718262,0.2151184082,92767109730
-1.439651489,6.961669922,1.076812744,92767370695
-5.017349243,6.742675781,4.102264404,92767697650
-1.020706177,6.528442383,9.051055908,92767940720
-0.6517486572,6.661743164,10.55783081,92768212702
5.377731323,6.364196777,9.42477417,92768502048
-2.915481567,9.363464355,7.327667236,92768771475
-1.04927063,8.15423584,2.821624756,92769074320
0.471786499,7.454406738,4.216522217,92769374186
1.240646362,6.954528809,5.132965088,92769641595
0.8478851318,6.411804199,6.025604248,92769934801
-0.3018341064,6.602233887,6.232696533,92770238095
-1.220657349,6.019042969,6.22555542,92770510787
-1.199234009,6.34753418,6.144622803,92770807417
0.3813323975,7.018798828,6.613555908,92771089525
0.8121795654,7.071166992,6.256500244,92771380140
-0.6684112549,6.647460938,6.170806885,92771647532
-1.237319946,6.242797852,6.823028564,92771920228
-0.01856994629,6.578430176,6.577850342,92772225987
0.19090271,5.880981445,7.020599365,92772499272
-1.50630188,6.487976074,7.251495361,92772833242
0.2884979248,5.533447266,8.855865479,92773105129
0.140914917,5.223999023,9.460479736,92773359919
-0.189956665,5.269226074,8.651153564,92773638408
0.928817749,5.138305664,7.199127197,92773928246
1.114486694,5.82623291,5.351959229,92774214221
1.400131226,5.573913574,5.639984131,92774495264
1.412033081,5.540588379,6.756378174,92774782777
1.428695679,5.319213867,6.875396729,92775059488
1.666732788,5.321594238,6.694488525,92775345268
0.9335784912,5.005004883,6.61831665,92775627943
0.4289398193,5.19543457,7.003936768,92775914013
0.4979705811,5.390625,7.713287354,92776213538
0.6812591553,5.307312012,7.303863525,92776499807
1.223983765,5.464416504,6.687347412,92776777204
1.742904663,5.80480957,6.992034912,92777067152
2.188034058,5.992858887,6.634979248,92777373639
2.221359253,6.316589355,6.732574463,92777636593
2.204696655,6.764099121,6.875396729,92777923270
1.738143921,6.133300781,7.85848999,92778213349
1.535812378,6.268981934,7.9894104,92778534991
1.250167847,6.576049805,8.339324951,92778763428
1.49772644,6.928344727,9.677093506,92779062020
2.473678589,7.040222168,10.58401489,92779358290
2.745040894,7.028320313,10.31027222,92779632929
3.102096558,7.049743652,8.039398193,92779917485
4.149459839,7.092590332,8.441680908,92780198788
3.561508179,6.204711914,11.66470337,92780497446
4.035202026,5.778625488,11.03866577,92780775549
3.149703979,5.731018066,9.217681885,92781059714
2.159469604,5.50012207,8.156036377,92781345686
1.71434021,5.147827148,8.601165771,92781624609
1.611984253,5.016906738,9.246246338,92781919110
1.264450073,4.835998535,8.584503174,92782207189
1.243026733,5.323974609,8.962982178,92782488440
1.243026733,5.507263184,8.496429443,92782777413
1.209701538,5.528686523,8.136993408,92783059730
0.8788299561,5.166870117,8.377410889,92783369309
0.2218475342,4.595581055,8.972503662,92783624799
0.03855895996,4.857421875,8.798736572,92783920654
0.1861419678,4.988342285,8.305999756,92784204404
0.1194915771,5.176391602,7.527618408,92784489241
0.2765960693,5.212097168,7.413360596,92784780679
0.09568786621,5.050231934,7.134857178,92785060124
-0.08045959473,5.100219727,6.903961182,92785400403
-0.0518951416,5.381103516,6.463592529,92785734581
0.08140563965,5.654846191,6.277923584,92785908319
-0.06379699707,5.654846191,6.50881958,92786194617
-0.04475402832,5.47869873,7.034881592,92786489084
-0.1090240479,5.442993164,7.187225342,92786783495
-0.1114044189,5.576293945,6.7706604,92787065310
0.319442749,5.797668457,6.85635376,92787341612
0.4884490967,5.78338623,7.29196167,92787641920
0.6027069092,5.721496582,7.406219482,92787938194
0.3599090576,5.838134766,7.27053833,92788213818
0.4170379639,5.97857666,7.175323486,92788497231
0.3599090576,6.057128906,6.61831665,92788783280
0.2456512451,6.211853027,6.339813232,92789083514
0.1932830811,6.45703125,5.908966064,92789369667
0.3480072021,6.640319824,5.823272705,92789620901
0.4598846436,6.766479492,6.249359131,92789932329
0.6526947021,6.895019531,6.608795166,92790216538
0.6526947021,6.925964355,6.489776611,92790485734
0.8240814209,7.06640625,6.332672119,92790787299
0.9240570068,7.171142578,6.106536865,92791051994
1.100204468,7.194946289,6.168426514,92791364134
1.045455933,6.983093262,6.396942139,92791647221
1.066879272,6.859313965,6.615936279,92791903567
1.276351929,6.792663574,6.920623779,92792199122
1.331100464,6.799804688,7.037261963,92792576640
1.285873413,6.806945801,6.789703369,92792886822
1.38822937,6.899780273,6.463592529,92793049332
1.690536499,7.011657715,6.456451416,92793327002
1.878585815,7.054504395,6.66116333,92793640712
1.897628784,7.230651855,6.363616943,92793921420
1.95475769,7.34967041,5.982757568,92794226094
2.180892944,7.34967041,5.989898682,92794512192
2.185653687,7.209228516,5.956573486,92794754004
1.945236206,7.237792969,5.906585693,92795099325
1.99760437,7.311584473,5.966094971,92795325033
2.242782593,7.373474121,5.980377197,92795626483
2.135665894,7.278259277,6.006561279,92795943982
2.085678101,7.356811523,5.908966064,92796194252
2.054733276,7.39251709,5.628082275,92796515043
2.335617065,7.280639648,5.482879639,92796758183
3.071151733,7.180664063,5.00680542,92797091250
3.192550659,7.21875,5.487640381,92797341015
2.804550171,7.528198242,6.903961182,92797622497
2.556991577,7.635314941,6.532623291,92797907197
2.421310425,7.513916016,6.830169678,92798188791
3.033065796,7.26159668,5.792327881,92798481519
3.468673706,7.259216309,5.342437744,92798763979
3.273483276,7.068786621,5.48526001,92799065192
2.904525757,6.983093262,5.511444092,92799374095
1.99760437,6.790283203,6.956329346,92799770652
2.140426636,6.32611084,7.83706665,92799901646
2.528427124,6.371337891,7.629974365,92800189537
2.659347534,6.426086426,7.311004639,92800471226
2.704574585,6.47845459,6.570709229,92800760025
2.361801147,6.437988281,6.230316162,92801058735
2.180892944,6.47845459,6.354095459,92801337305
2.004745483,6.614135742,6.780181885,92801618227
2.028549194,6.726013184,7.077728271,92801904607
2.035690308,6.733154297,7.244354248,92802192246
2.247543335,6.821228027,7.180084229,92802481037
2.473678589,6.518920898,6.549285889,92802763805
2.590316772,6.528442383,6.039886475,92803048666
2.437973022,6.776000977,5.70425415,92803336340
2.073776245,6.925964355,6.087493896,92803618030
1.914291382,6.928344727,6.277923584,92803911355
1.785751343,7.054504395,6.437408447,92804185231
1.857162476,7.099731445,6.644500732,92804470644
2.318954468,6.954528809,6.013702393,92804772328
2.421310425,6.997375488,5.966094971,92805042262
2.478439331,6.626037598,5.347198486,92805361946
2.404647827,6.883117676,5.999420166,92805615354
2.295150757,7.035461426,5.782806396,92805900018
1.914291382,6.928344727,5.48526001,92806201581
1.369186401,7.028320313,5.654266357,92806475380
1.359664917,6.74029541,4.866363525,92806944938
1.60484314,6.649841309,5.301971436,92807041157
2.728378296,6.792663574,5.697113037,92807325283
3.685287476,6.737915039,6.306488037,92807606514
3.47819519,6.649841309,6.294586182,92807899197
2.007125854,6.433227539,6.047027588,92808225250
0.8074188232,6.076171875,6.482635498,92808485196
0.7360076904,5.816711426,6.461212158,92808770170
3.06401062,5.609619141,6.830169678,92809056093
5.015914917,6.516540527,8.236968994,92809342622
6.744064331,7.516296387,8.31552124,92809643641
7.15586853,8.109008789,5.92086792,92809969749
6.413192749,8.775512695,5.661407471,92810203836
4.723129272,8.425598145,6.644500732,92810491126
3.387741089,7.80670166,7.077728271,92810774477
4.158981323,7.149719238,6.2684021,92811077340
4.951644897,7.380615234,4.944915771,92811347650
5.011154175,7.949523926,5.171051025,92811635453
4.070907593,7.737670898,5.059173584,92811919437
3.285385132,7.273498535,4.997283936,92812183260
2.778366089,7.037841797,6.044647217,92812489481
3.618637085,6.854553223,5.892303467,92812755780
3.828109741,7.06640625,6.092254639,92813066247
4.142318726,7.630554199,5.863739014,92813353424
2.992599487,7.340148926,5.42098999,92813639120
1.469161987,6.388000488,4.904449463,92813935890
0.4836883545,5.504882813,5.171051025,92814194951
0.4360809326,5.614379883,5.418609619,92814478585
0.3313446045,5.545349121,5.549530029,92814755517
0.3289642334,5.535827637,5.720916748,92815040364
0.2861175537,5.50012207,6.449310303,92815384530
0.5408172607,5.769104004,7.665679932,92815816932
0.4575042725,5.930969238,8.18460083,92815976173
0.9692840576,6.059509277,7.872772217,92816221540
1.38822937,6.34753418,7.303863525,92816502688
0.9359588623,6.437988281,6.782562256,92816803030
0.4313201904,6.952148438,6.227935791,92817091557
0.08616638184,7.525817871,5.761383057,92817361572
0.2646942139,8.085205078,5.390045166,92817648994
0.9454803467,8.230407715,5.782806396,92817938630
1.531051636,8.275634766,6.525482178,92818234213
1.916671753,8.22088623,6.175567627,92818457824
2.123764038,8.208984375,5.949432373,92818753711
2.285629272,8.297058105,5.782806396,92819039993
1.885726929,8.092346191,5.649505615,92819334200
0.9002532959,7.766235352,5.397186279,92819635419
0.3361053467,7.468688965,5.494781494,92819902192
0.4098968506,7.190185547,5.818511963,92820182212
0.3813323975,7.054504395,6.311248779,92820470400
0.4813079834,7.173522949,6.627838135,92820743364
0.3051605225,7.618652344,6.801605225,92821038789
0.2028045654,7.76385498,6.858734131,92821422944
0.7669525146,7.125915527,7.263397217,92821598850
2.078536987,6.428466797,8.22744751,92821884087
2.447494507,5.919067383,9.032012939,92822173343
1.764328003,5.611999512,9.048675537,92822498756
1.297775269,5.838134766,8.172698975,92822743291
2.533187866,6.918823242,6.558807373,92823035371
3.973312378,7.490112305,4.142730713,92823322567
4.715988159,6.180908203,5.568572998,92823591319
