-4.522232056,13.71002197,2.466949463,55885900269
-3.098770142,14.77642822,1.738555908,55886054913
-2.008560181,14.9597168,2.0027771,55886338176
-2.475112915,13.45294189,2.424102783,55886663098
-3.805740356,11.34155273,2.950164795,55886926802
-4.831680298,9.501525879,3.035858154,55887206799
-5.143508911,8.454162598,2.343170166,55887506617
-4.717422485,8.170898438,0.7221374512,55887773179
-4.860244751,7.649597168,-0.4894714355,55888057609
-5.493423462,6.840270996,-1.191680908,55888348741
-5.060195923,6.84979248,-1.80581665,55888629707
-3.767654419,7.463928223,-2.070037842,55888914605
-2.989273071,8.294677734,-1.444000244,55889193391
-3.593887329,8.984985352,-0.5585021973,55889504260
-4.415115356,9.296813965,-0.449005127,55889909726
-4.2056427,9.746704102,-0.8274841309,55890101603
-3.386795044,10.79644775,-1.351165771,55890398064
-3.351089478,11.47723389,-0.856048584,55890627699
-3.653396606,11.77001953,-0.7251281738,55890922169
-3.941421509,11.94140625,-1.048858643,55891210652
-3.346328735,12.2008667,-1.479705811,55891509875
-3.110671997,12.1675415,-1.0440979,55891773366
-3.217788696,11.60577393,-1.574920654,55892057335
-2.846450806,10.99639893,-2.231903076,55892341896
-2.815505981,10.18707275,-2.686553955,55892720507
-2.872634888,9.253967285,-2.900787354,55892928228
-2.810745239,8.468444824,-2.622283936,55893213151
-2.896438599,7.604370117,-1.931976318,55893484438
-3.167800903,6.530822754,-2.472320557,55893817301
-3.482009888,5.664367676,-2.693695068,55894081900
-3.105911255,5.628662109,-2.772247314,55894393812
-3.27015686,5.562011719,-2.377105713,55894648541
-4.427017212,5.333496094,-2.419952393,55894952537
-6.528884888,4.97644043,-2.477081299,55895242519
-8.433181763,4.509887695,-2.236663818,55895533436
-8.552200317,5.093078613,-2.398529053,55895794444
-6.883560181,6.733154297,-2.008148193,55896056545
-5.543411255,7.887634277,-2.30569458,55896345551
-5.667190552,8.627929688,-1.798675537,55896630625
-5.919509888,8.706481934,-1.420196533,55896931402
-6.159927368,8.116149902,-1.605865479,55897244776
-5.581497192,7.190185547,-2.6746521,55897490081
-4.517471313,6.654602051,-3.517303467,55897784945
-4.44367981,6.071411133,-3.314971924,55898069842
-5.633865356,5.19543457,-2.662750244,55898382383
-6.9478302,4.786010742,-2.717498779,55898654420
-7.366775513,4.86932373,-2.584197998,55898927953
-6.924026489,5.34777832,-1.815338135,55899206386
-7.226333618,5.623901367,-0.5132751465,55899521295
-7.935684204,5.709594727,-0.0871887207,55899963013
-8.518875122,5.597717285,-0.5965881348,55900139644
-8.29750061,6.404663086,-1.548736572,55900355295
-8.23085022,6.864074707,-1.310699463,55900629506
-7.630996704,7.430603027,-0.9465026855,55900975993
-7.811904907,7.304443359,-0.2490539551,55901232986
-8.780715942,6.502258301,-0.01577758789,55901580560
-8.476028442,5.802429199,-0.3180847168,55901777317
-8.211807251,5.252563477,-0.677520752,55902076646
-6.912124634,5.488220215,-0.1157531738,55902361811
-6.395584106,5.704833984,0.3650817871,55902657531
-7.442947388,4.838378906,0.1389465332,55902960365
-8.016616821,4.190917969,-0.05624389648,55903238145
-8.526016235,4.012390137,-0.2847595215,55903533280
-8.033279419,4.562255859,0.2579650879,55903795881
-7.190628052,5.440612793,0.7388000488,55904099154
-7.450088501,5.676269531,0.2912902832,55904360928
-8.330825806,5.733398438,0.09848022461,55904677930
-8.921157837,5.723876953,0.0008850097656,55904991300
-8.402236938,6.233276367,-0.475189209,55905223689
-7.976150513,7.294921875,-0.4323425293,55905539119
-8.437942505,7.975708008,-0.5227966309,55905835490
-9.266311646,8.17565918,-2.2628479,55906075366
-8.966384888,8.78503418,-3.605377197,55906371783
-7.940444946,9.89666748,-3.003143311,55906686936
-3.701004028,10.59411621,-0.449005127,55907216523
-3.258255005,9.194458008,0.2055969238,55907525255
-4.2056427,7.014038086,-0.449005127,55907785812
-4.979263306,5.050231934,-0.8203430176,55908171206
-4.981643677,4.119506836,-2.324737549,55908355482
-5.155410767,3.343505859,-3.022186279,55908648971
-5.836196899,3.538696289,-3.08883667,55908944340
-6.071853638,4.398010254,-2.012908936,55909204786
-6.997817993,5.131164551,-0.4323425293,55909517415
-7.842849731,5.393005371,0.538848877,55909825725
-7.402481079,5.75958252,0.1794128418,55910111998
-7.188247681,6.599853516,-0.1038513184,55910390328
-8.118972778,7.206848145,1.093475342,55910633806
-8.502212524,7.630554199,1.226776123,55910982284
-8.959243774,7.292541504,0.236541748,55911244727
-8.680740356,7.004516602,-0.7441711426,55911562035
-8.135635376,6.980712891,-1.013153076,55911811046
-7.550064087,7.021179199,-0.3918762207,55912096749
-6.77406311,6.973571777,0.2246398926,55912403991
-6.057571411,6.906921387,0.4222106934,55912695918
-5.664810181,6.576049805,0.4055480957,55912969963
-5.867141724,6.069030762,0.4936218262,55913255202
-6.445571899,5.640563965,0.2770080566,55913529013
-7.240615845,5.040710449,-0.05624389648,55913816988
-7.381057739,4.786010742,-0.5489807129,55914093073
-7.442947388,4.809814453,-0.4394836426,55914376917
-7.561965942,5.54296875,-0.08004760742,55914628196
-8.278457642,5.909545898,0.3936462402,55914921466
-8.780715942,5.566772461,-0.4418640137,55915203627
-7.838088989,6.040466309,-1.862945557,55915510458
-7.150161743,7.17590332,-1.839141846,55915847521
-7.242996216,7.709106445,-1.862945557,55916078506
-6.70741272,8.147094727,-2.508026123,55916400729
-6.357498169,8.192321777,-3.117401123,55916636474
-5.955215454,8.223266602,-2.817474365,55916926877
-5.562454224,8.187561035,-1.991485596,55917211194
-5.48866272,8.106628418,-0.8251037598,55917523382
-6.095657349,7.518676758,0.1913146973,55917778240
-6.386062622,6.971191406,0.4341125488,55918066212
-6.871658325,6.504638672,0.5102844238,55918370486
-7.019241333,6.397521973,0.3008117676,55918643831
-6.278945923,6.9140625,0.6769104004,55918921173
-6.68598938,6.864074707,0.8316345215,55919206247
-6.978775024,6.78314209,0.4936218262,55919543682
-6.807388306,7.221130371,0.3079528809,55919781122
-6.55506897,7.335388184,0.7578430176,55920117553
-6.388442993,7.254455566,0.0627746582,55920358300
-6.421768188,7.452026367,0.3317565918,55920671026
-6.562210083,7.463928223,0.5483703613,55920948897
-6.857376099,7.009277344,0.260345459,55921220051
-6.693130493,6.845031738,-0.1943054199,55921638667
-6.25038147,7.083068848,-0.5299377441,55921830146
-6.607437134,7.025939941,0.06991577148,55922063343
-7.026382446,6.875976563,-0.08480834961,55922364542
-7.492935181,6.880737305,-0.2895202637,55922654070
-7.464370728,6.89263916,-0.2514343262,55922935578
-6.914505005,7.168762207,-0.372833252,55923239008
-6.393203735,7.404418945,0.108001709,55923512116
-7.104934692,6.947387695,0.1770324707,55923776445
-7.292984009,6.526062012,-0.451385498,55924079151
-7.004959106,6.385620117,-0.7727355957,55924351706
-6.581253052,6.328491211,-0.6727600098,55924626985
-6.852615356,5.973815918,-0.5537414551,55924923268
-7.050186157,5.669128418,-1.298797607,55925227092
-6.809768677,5.888122559,-1.263092041,55925494148
-6.414627075,6.502258301,-0.7584533691,55925779949
-6.519363403,6.866455078,-0.9393615723,55926361755
-6.714553833,7.135437012,-0.7417907715,55926667745
-6.852615356,7.213989258,-0.4323425293,55926970325
-6.814529419,7.366333008,0.184173584,55927229199
-6.821670532,6.987854004,-0.07290649414,55927509634
-6.769302368,6.721252441,-0.9012756348,55927793799
-6.57649231,6.823608398,-0.3276062012,55928191945
-7.021621704,6.74029541,-0.09909057617,55928372786
-7.133499146,6.695068359,0.08181762695,55928771277
-7.521499634,6.361816406,0.04849243164,55928983210
-7.247756958,6.349914551,-0.4466247559,55929226564
-6.450332642,6.661743164,-0.7632141113,55929498677
-6.217056274,6.95690918,-0.551361084,55929796021
-6.726455688,6.811706543,-0.1371765137,55930085894
-6.571731567,7.068786621,-0.1371765137,55930353076
-6.393203735,6.994995117,-0.1800231934,55930637758
-6.278945923,7.159240723,-0.6203918457,55930943586
-6.497940063,7.142578125,-0.6465759277,55931219685
-6.750259399,7.068786621,-0.5370788574,55931503888
-6.724075317,7.10925293,-0.1871643066,55931802578
-6.540786743,7.17590332,-0.07766723633,55932081303
-6.812149048,7.083068848,0.210357666,55932348827
-7.10017395,7.049743652,0.462677002,55932619483
-6.778823853,7.316345215,0.4412536621,55932938303
-6.562210083,7.368713379,0.3484191895,55933174153
-6.217056274,7.563903809,0.3746032715,55933499366
-6.559829712,7.559143066,1.00302124,55933753824
-6.678848267,7.630554199,0.7030944824,55934057179
-6.624099731,7.532958984,0.3436584473,55934322252
-6.014724731,7.71862793,0.2389221191,55934601671
-6.128982544,7.599609375,0.3174743652,55934894579
-5.976638794,7.568664551,-0.0514831543,55935180042
-5.981399536,7.387756348,0.2912902832,55935503926
-6.283706665,7.152099609,0.4293518066,55935896244
-6.152786255,6.980712891,0.3531799316,55936220351
-6.238479614,6.809326172,0.1770324707,55936391137
-5.948074341,6.971191406,-0.1824035645,55936648483
-6.31703186,6.837890625,-0.1109924316,55936936647
-6.421768188,6.885498047,-0.4847106934,55937236921
-6.326553345,7.080688477,0.01992797852,55937519177
-6.440811157,7.173522949,-0.3847351074,55937777818
-6.195632935,7.318725586,-0.4061584473,55938067652
-5.888565063,7.473449707,-0.3347473145,55938384778
-6.421768188,7.273498535,-0.756072998,55938648153
-6.452713013,7.290161133,-0.4442443848,55938946869
-6.624099731,7.273498535,-0.5823059082,55939211482
-6.176589966,7.509155273,-0.7275085449,55939496248
-5.755264282,7.792419434,-0.4037780762,55939845901
-5.893325806,7.828125,0.08419799805,55940120288
-6.20753479,7.682922363,-0.1490783691,55940355028
-6.005203247,7.668640137,-0.5299377441,55940673639
-5.917129517,7.816223145,-0.756072998,55940935135
-6.048049927,7.899536133,-0.07766723633,55941210392
-5.926651001,7.91619873,-0.4418640137,55941502010
-6.31703186,7.573425293,-0.5632629395,55941780971
-6.267044067,7.499633789,-0.120513916,55942084613
-5.959976196,7.609130859,-0.07766723633,55942378833
-6.209915161,7.528198242,0.0651550293,55942646373
-6.31703186,7.325866699,-0.3609313965,55943024146
-5.86000061,7.397277832,0.06991577148,55943352178
-5.790969849,7.561523438,-0.1585998535,55943532392
-6.01234436,7.540100098,-0.2514343262,55943785171
-6.017105103,7.775756836,-0.2895202637,55944150110
-6.650283813,7.794799805,-0.4085388184,55944379379
-6.126602173,8.351806641,0.3460388184,55944642261
-6.031387329,8.67791748,1.417205811,55944929442
-5.983779907,8.577941895,2.697845459,55945219882
-5.77192688,8.280395508,2.747833252,55945556082
-6.062332153,7.071166992,1.724273682,55945800898
-5.905227661,6.39276123,0.5745544434,55946071952
-5.536270142,6.076171875,0.8482971191,55946355069
-5.895706177,5.43347168,1.13394165,55946644928
-5.96711731,4.993103027,1.193450928,55946932868
-5.75050354,4.709838867,1.195831299,55947226382
-5.733840942,5.038330078,1.476715088,55947504655
-6.540786743,4.645568848,1.809967041,55947782851
-7.845230103,3.676757813,0.5935974121,55948071177
-10.9087677,1.791503906,-0.9250793457,55948348334
-13.5771637,-0.1413574219,0.4674377441,55948641988
-14.63404846,-0.05804443359,2.688323975,55948937964
-18.52119446,0.1133422852,5.111541748,55949232300
-19.3162384,-0.4222412109,5.480499268,55949502501
-19.3162384,-1.379150391,5.473358154,55949782836
-19.3162384,-1.98614502,4.07131958,55950171008
-19.3162384,-2.486022949,5.249603271,55950665572
-19.3162384,-2.876403809,8.465484619,55950713733
-19.3162384,-3.61907959,15.35189819,55950951851
-13.9723053,-5.144897461,19.31521606,55951230707
1.204940796,-14.44976807,15.24240112,55951519825
19.6831665,-19.46044922,10.89822388,55951802070
19.6831665,-16.8682251,7.218170166,55952092887
19.6831665,19.53895569,3.147735596,55952353798
19.6831665,19.53895569,19.31521606,55952633466
19.6831665,-14.87109375,11.67184448,55952952249
19.6831665,-19.46044922,-19.68418884,55953233747
9.119674683,-8.591674805,3.112030029,55953499157
9.479110718,7.492492676,19.31521606,55953775813
-6.40272522,3.224487305,19.31521606,55954072417
-13.41291809,3.360168457,9.539031982,55954461510
-16.9858551,9.261108398,6.994415283,55954668998
-19.3162384,11.20825195,14.62588501,55954927042
-19.3162384,10.75836182,18.31307983,55955235135
-19.3162384,9.392028809,11.56472778,55955496391
-14.72688293,8.780273438,6.873016357,55955810981
-12.71070862,7.449645996,0.7983093262,55956096843
-10.81355286,6.138061523,0.7126159668,55956355915
-8.285598755,5.297790527,2.028961182,55956668797
-5.419631958,5.081176758,2.621673584,55956949251
-4.898330688,3.303039551,1.657623291,55957396874
-5.781448364,0.7036743164,-1.30355835,55957629632
-6.014724731,0.05145263672,-4.190948486,55957844168
-5.019729614,1.893859863,-1.341644287,55958096498
-7.828567505,2.203308105,1.914703369,55958356740
-7.514358521,2.960266113,-0.5632629395,55958708491
-6.762161255,4.255187988,-2.208099365,55958961617
-6.869277954,6.723632813,0.1103820801,55959212402
-8.756912231,7.373474121,3.276275635,55959532955
-9.273452759,7.366333008,3.609527588,55959790472
-8.216567993,7.685302734,0.2008361816,55960119879
-6.426528931,8.577941895,0.2555847168,55960396938
-6.943069458,7.982849121,0.5317077637,55960645638
-10.38508606,4.376586914,-0.8608093262,55960991785
-13.30580139,1.639160156,-0.703704834,55961212891
-17.82374573,-0.7935791016,0.1817932129,55961495909
-19.3162384,-2.709777832,0.9839782715,55961778348
-19.3162384,-1.229187012,5.33291626,55962118506
-19.3162384,-0.7911987305,6.908721924,55962539076
-19.3162384,-1.324401855,3.980865479,55962823968
-19.3162384,-0.5555419922,6.761138916,55963008415
-19.3162384,0.5608520508,14.50448608,55963231220
-19.3162384,-4.104675293,16.15646362,55963530023
-8.121353149,-18.85345459,7.468109131,55963794088
19.6831665,-19.46044922,10.65304565,55964073459
19.6831665,-19.46044922,10.65542603,55964615343
19.6831665,19.53895569,17.95840454,55964800484
19.6831665,19.53895569,19.31521606,55965015269
19.6831665,-19.46044922,5.132965088,55965233785
19.6831665,-19.46044922,-19.68418884,55965494910
5.844284058,-13.99749756,18.7605896,55965797684
2.871200562,5.126403809,19.31521606,55966079635
-14.35316467,-3.519104004,19.31521606,55966356439
-19.3162384,0.5822753906,4.599761963,55966660680
-18.7068634,11.1630249,2.324127197,55966947512
-19.3162384,15.60003662,16.33023071,55967216443
-19.3162384,13.71716309,18.5630188,55967497496
-19.14247131,10.56555176,10.06985474,55967830170
-16.55738831,8.549377441,5.604278564,55968092987
-14.51979065,5.52154541,1.967071533,55968356082
-10.67073059,4.076660156,0.6745300293,55968636148
-6.288467407,4.30279541,1.421966553,55968930327
-5.27204895,2.546081543,3.264373779,55969195486
-3.767654419,2.036682129,1.731414795,55969508845
-4.922134399,0.9845581055,0.3579406738,55969780900
-3.698623657,2.098571777,-1.822479248,55970073901
-5.557693481,2.84362793,1.217254639,55970348904
-5.674331665,3.967163086,2.081329346,55970654479
-6.671707153,4.833618164,1.086334229,55970923913
-7.42628479,5.502502441,0.6054992676,55971219777
-6.85975647,6.749816895,0.2294006348,55971471205
-5.060195923,9.653869629,3.2215271,55971912489
-7.581008911,9.789550781,6.70401001,55972026466
-8.697402954,8.239929199,3.742828369,55972321534
-8.454605103,5.966674805,-0.3609313965,55972721576
-7.42628479,5.45489502,-0.6203918457,55972972206
-7.283462524,4.73840332,1.888519287,55973237912
-8.028518677,2.700805664,3.421478271,55973504325
-13.91041565,0.07049560547,4.264129639,55973827363
-19.3162384,0.5703735352,5.356719971,55974076284
-19.3162384,0.922668457,3.802337646,55974393151
-19.3162384,2.748413086,0.7983093262,55974667344
-19.3162384,0.7869873047,4.149871826,55974940579
-19.3162384,-4.437927246,16.14456177,55975388206
-19.3162384,-1.286315918,19.31521606,55975517390
-17.72377014,-3.290588379,19.31521606,55975818030
9.500534058,-14.22125244,15.05911255,55976101930
19.6831665,-19.46044922,-3.531585693,55976385291
19.6831665,-19.46044922,-2.896026611,55976688378
19.6831665,19.53895569,19.31521606,55977031264
19.6831665,19.53895569,19.31521606,55977325705
19.6831665,-19.46044922,-19.68418884,55977647092
19.6831665,-19.46044922,-19.68418884,55977793410
13.15678406,-7.856140137,19.31521606,55978119585
9.167282104,4.666992188,19.31521606,55978391132
-8.816421509,-2.424133301,15.2114563,55978638354
-19.3162384,0.5894165039,6.11605835,55978989711
-19.3162384,10.87738037,11.90274048,55979293431
-19.3162384,14.69787598,19.31521606,55979497350
-19.3162384,11.21063232,16.8420105,55979788134
-19.3162384,5.757202148,3.488128662,55980073880
-16.94538879,6.32611084,-4.110015869,55980429548
-14.08656311,5.626281738,0.9839782715,55980643504
-11.88948059,3.800537109,8.715423584,55980954137
-10.19465637,0.6441650391,2.814483643,55981222363
-8.683120728,-0.8649902344,-4.8074646,55981504942
