-1.696731567,10.17755127,0.5697937012,65207837234
-1.301589966,10.50128174,-0.07528686523,65208111559
-1.684829712,10.46557617,-0.5299377441,65208407706
-1.89906311,10.28704834,-0.6679992676,65208677342
-1.539627075,10.3727417,0.1556091309,65208973569
-1.570571899,10.39416504,0.0246887207,65209267800
-1.118301392,10.63220215,-0.05386352539,65209552340
-1.096878052,10.64886475,-0.8489074707,65209910334
-1.07069397,10.55126953,-1.167877197,65210134107
-0.8683624268,10.32037354,-0.779876709,65210435514
-0.6945953369,10.05853271,-0.829864502,65210702180
-0.8421783447,9.756225586,-0.9512634277,65210979566
-0.8636016846,9.72052002,-1.286895752,65211260322
-1.13734436,9.753845215,-1.824859619,65211643792
-0.9540557861,9.827636719,-1.803436279,65211885331
-1.020706177,9.477722168,-1.498748779,65212098300
-0.975479126,9.311096191,-1.167877197,65212379861
-0.1518707275,9.76574707,-1.686798096,65212699482
0.3003997803,9.93951416,-2.089080811,65213040046
0.395614624,9.894287109,-2.070037842,65213251303
0.0004730224609,9.606262207,-2.198577881,65213535082
-0.1542510986,9.399169922,-1.851043701,65213819632
-0.3565826416,9.322998047,-1.582061768,65214114598
-0.4589385986,9.465820313,-1.732025146,65214414679
-0.7279205322,9.487243652,-2.258087158,65214681478
-1.487258911,9.180175781,-2.529449463,65214962185
-2.253738403,8.751708984,-2.429473877,65215246314
-2.50843811,8.69934082,-2.096221924,65215532696
-2.66078186,8.730285645,-1.843902588,65215826019
-2.710769653,8.716003418,-1.639190674,65216109622
-2.591751099,8.794555664,-1.472564697,65216390467
-2.741714478,8.811218262,-1.234527588,65216674617
-2.827407837,8.820739746,-0.8393859863,65216959247
-3.193984985,8.854064941,-1.032196045,65217266062
-3.232070923,8.904052734,-1.117889404,65217535136
-2.929763794,9.15637207,-1.070281982,65217818369
-2.465591431,9.249206543,-1.23928833,65218101660
-2.537002563,9.389648438,-1.782012939,65218386283
-2.848831177,9.337280273,-2.070037842,65218902598
-3.251113892,8.887390137,-1.541595459,65219032933
-3.815261841,8.482727051,-0.9726867676,65219248375
-3.874771118,8.497009277,-0.3775939941,65219523743
-3.729568481,8.558898926,-0.7679748535,65219802752
-3.591506958,8.504150391,-1.017913818,65220091496
-4.029495239,8.258972168,-1.134552002,65220390937
-4.396072388,8.120910645,-0.7751159668,65220667414
-4.298477173,7.947143555,-0.6751403809,65220954489
-3.889053345,8.37322998,-0.6251525879,65221235834
-3.960464478,8.692199707,-1.410675049,65221523720
-4.250869751,8.387512207,-1.596343994,65221845328
-4.757888794,7.930480957,-1.26071167,65222117193
-5.579116821,8.289916992,-1.153594971,65222381749
-5.836196899,8.287536621,-1.165496826,65222668573
-5.05305481,8.289916992,-0.9346008301,65222947479
-5.093521118,8.52557373,-1.210723877,65223237877
-7.181106567,9.508666992,-3.060272217,65223560825
-8.844985962,10.30371094,-3.443511963,65223827346
-10.30653381,10.95355225,-2.172393799,65224103160
-11.45149231,10.74645996,-1.21786499,65224390342
-12.06562805,10.64886475,-0.5442199707,65224669424
-12.69166565,10.34893799,-0.4561462402,65224949362
-12.33699036,10.95355225,-2.024810791,65225230463
-11.36103821,11.23205566,-4.540863037,65225526113
-11.19917297,11.87713623,-7.218780518,65225999928
-10.92781067,10.58935547,-6.518951416,65226183281
-8.154678345,6.716491699,-4.624176025,65226428077
-2.294204712,3.283996582,-5.276397705,65226643354
5.899032593,1.636779785,-11.01547241,65226943221
10.64073181,-2.70501709,-13.47201538,65227241054
13.63047791,-13.3928833,-11.23446655,65227525312
18.25315857,-19.46044922,-5.926239014,65227811987
19.6831665,-19.46044922,-5.914337158,65228131847
19.6831665,-13.76184082,-12.42941284,65228380126
19.6831665,5.112121582,-15.1835022,65228662655
19.6831665,10.82263184,-11.10592651,65228939015
19.6831665,5.057373047,-8.7684021,65229250313
19.6831665,-2.300354004,-10.23947144,65229518584
19.6831665,-7.356262207,-9.33493042,65229803199
19.6831665,-9.577148438,-5.288299561,65230087076
17.63664246,-10.61737061,-3.274505615,65230378793
10.88591003,-6.006591797,-5.133575439,65230675371
6.379867554,-1.467224121,-8.256622314,65230961461
2.185653687,2.19140625,-9.301605225,65231231838
-2.901199341,5.088317871,-7.416351318,65231512418
-7.202529907,6.380859375,-4.947906494,65231797033
-9.056838989,5.86907959,-3.833892822,65232108545
-10.36128235,5.752441406,-5.63583374,65232372507
-9.84236145,7.640075684,-10.23471069,65232667313
-7.952346802,9.972839355,-11.76052856,65232952614
-7.516738892,9.703857422,-8.301849365,65233327909
-8.138015747,8.092346191,-5.154998779,65233608984
-9.701919556,5.0859375,-4.883636475,65233842994
-9.723342896,4.831237793,-5.778656006,65234082880
-7.902359009,5.859558105,-7.33303833,65234378401
-5.971878052,6.268981934,-7.335418701,65234649604
-5.012588501,5.466796875,-6.202362061,65234952936
-4.869766235,5.21685791,-4.355194092,65235216329
-5.14112854,4.878845215,-3.167388916,65235471560
-4.710281372,5.273986816,-2.543731689,65235781022
-4.534133911,5.278747559,-3.326873779,65236070057
-4.162796021,5.664367676,-3.638702393,65236356745
-4.327041626,5.700073242,-3.852935791,65236642137
-4.679336548,6.014282227,-3.67678833,65236926240
-5.310134888,6.537963867,-3.384002686,65237212604
-5.164932251,7.770996094,-3.193572998,65237502157
-4.322280884,8.83026123,-3.345916748,65237787354
-3.455825806,9.301574707,-3.305450439,65238104387
-2.698867798,10.04901123,-3.095977783,65238389530
-2.544143677,10.31085205,-3.181671143,65238677135
-2.83454895,9.884765625,-2.938873291,65238972306
-3.346328735,9.370605469,-2.641326904,65239243113
-3.589126587,8.837402344,-2.688934326,65239512753
-3.579605103,8.520812988,-2.410430908,65239820639
-4.069961548,7.985229492,-3.017425537,65240083423
-3.691482544,8.094726563,-3.531585693,65240401073
-3.679580688,8.011413574,-4.309967041,65240758942
-3.955703735,7.690063477,-4.164764404,65240973037
-4.055679321,7.642456055,-3.312591553,65241224810
-4.612686157,7.380615234,-2.50088501,65241510048
-5.362503052,6.74029541,-1.934356689,65241952193
-6.112319946,6.352294922,-2.465179443,65242118324
-6.383682251,7.19732666,-3.236419678,65242361864
-7.214431763,7.770996094,-4.190948486,65242691857
-8.05708313,8.411315918,-3.69821167,65242931930
-9.759048462,9.168273926,-2.831756592,65243236625
-13.0582428,10.37988281,-2.193817139,65243550947
-14.11274719,12.20800781,-0.9441223145,65243827547
-13.40577698,12.65789795,-0.7679748535,65244125530
-14.55549622,14.29797363,-0.8965148926,65244359972
-15.97419739,14.8192749,-3.433990479,65244669112
-17.02156067,16.56646729,-5.469207764,65244988049
-18.40693665,16.51409912,-5.761993408,65245223737
-18.68544006,11.56054688,-3.629180908,65245549002
-14.51026917,3.303039551,-4.331390381,65245801616
-3.767654419,-2.186096191,-12.20327759,65246074864
10.99778748,-9.372436523,-19.53244019,65246431886
19.6831665,-19.46044922,-2.738922119,65246645982
19.6831665,-19.46044922,3.559539795,65246982120
19.6831665,-19.46044922,-12.943573,65247259362
19.6831665,-7.64666748,-19.68418884,65247559031
19.6831665,15.25250244,-17.06161499,65247886785
19.6831665,11.40344238,-11.7986145,65248029499
18.7363739,-3.854736328,-9.882415771,65248313662
15.12297058,-12.62878418,-8.806488037,65248602085
18.15794373,-10.90539551,-4.740814209,65248882429
19.6831665,-6.615966797,-1.896270752,65249173566
19.6831665,-4.49029541,-6.423736572,65249456319
18.81254578,-2.635986328,-11.46298218,65249741228
9.345809937,-0.805480957,-12.32467651,65250078754
2.026168823,0.3347167969,-7.447296143,65250314687
-3.301101685,1.236877441,-3.629180908,65250600816
-6.221817017,3.660095215,-4.355194092,65250884596
-6.614578247,6.052368164,-8.242340088,65251177292
-6.852615356,7.709106445,-11.0249939,65251455251
-8.578384399,8.656494141,-12.2437439,65251740640
-8.814041138,7.732910156,-10.46322632,65252028830
-8.778335571,6.56652832,-8.313751221,65252310326
-9.868545532,4.907409668,-8.228057861,65252627439
-9.482925415,3.99810791,-7.385406494,65252881538
-8.816421509,4.855041504,-9.115936279,65253166344
-7.552444458,5.278747559,-8.980255127,65253452558
-6.726455688,4.617004395,-7.059295654,65253738013
-6.550308228,3.80291748,-4.245697021,65254016366
-6.483657837,4.757446289,-4.336151123,65254314437
-5.550552368,5.559631348,-5.22164917,65254598012
-4.407974243,5.95715332,-4.321868896,65254871547
-4.355606079,5.633422852,-2.289031982,65255176321
-4.217544556,6.002380371,-1.851043701,65255493512
-4.041397095,6.297546387,-2.888885498,65255791910
-3.903335571,6.947387695,-2.679412842,65256051507
-3.793838501,7.454406738,-2.724639893,65256334194
-4.238967896,8.335144043,-3.645843506,65256618904
-4.262771606,9.132568359,-4.352813721,65256904424
-4.048538208,9.801452637,-4.031463623,65257192888
-4.507949829,9.870483398,-3.250701904,65257470174
-4.5103302,9.853820801,-2.998382568,65257752850
-4.465103149,10.39654541,-3.134063721,65258038762
-4.984024048,9.860961914,-3.093597412,65258322232
-4.931655884,9.056396484,-2.667510986,65258609618
-4.731704712,8.680297852,-2.098602295,65258894196
-4.393692017,8.511291504,-1.7605896,65259177939
-4.236587524,8.256591797,-1.881988525,65259465170
-3.981887817,7.885253906,-2.372344971,65259749984
-3.950942993,8.101867676,-3.583953857,65260036095
-3.848587036,8.251831055,-3.952911377,65260331336
-3.905715942,8.011413574,-3.988616943,65260617731
-3.66053772,7.692443848,-3.367340088,65260903537
-4.298477173,7.542480469,-2.874603271,65261186149
-4.624588013,7.856689453,-2.888885498,65261472077
-4.681716919,7.404418945,-3.086456299,65261762326
-4.674575806,6.585571289,-2.986480713,65262042871
-5.1197052,5.719116211,-2.377105713,65262328265
-6.455093384,6.17376709,-3.391143799,65262613154
-7.154922485,6.559387207,-4.450408936,65262905256
-6.893081665,6.690307617,-3.98147583,65263185356
-6.593154907,7.335388184,-2.884124756,65263472015
-6.914505005,8.630310059,-2.050994873,65263775921
-7.657180786,8.751708984,-1.762969971,65264041168
-7.890457153,10.41320801,-1.510650635,65264353558
-10.91114807,13.07922363,-3.000762939,65264613851
-12.12513733,15.12634277,-4.550384521,65264898997
-13.10346985,15.78094482,-4.533721924,65265183413
-15.79566956,15.7666626,-3.37210083,65265467679
-17.63093567,14.85498047,-2.510406494,65265754376
-18.97346497,12.66265869,-1.567779541,65266039214
-17.85945129,8.723144531,-0.4442443848,65266328655
-14.84114075,3.093566895,1.402923584,65266610287
-4.293716431,-0.4174804688,0.1627502441,65266896240
11.19059753,-4.09753418,-9.606292725,65267186595
19.6831665,-10.40551758,-13.47915649,65267466495
19.6831665,-19.46044922,-10.78933716,65267763393
19.6831665,-19.46044922,-8.187591553,65268039287
19.6831665,-16.08746338,-19.68418884,65268326632
19.6831665,6.271362305,-19.68418884,65268618425
19.6831665,12.01281738,-8.306610107,65268929664
16.54881287,3.045959473,-8.492279053,65269182048
2.183273315,-9.45098877,-13.33633423,65269467676
-2.706008911,-12.56451416,-10.2918396,65269752353
7.048751831,-6.044677734,-4.257598877,65270040876
17.8223114,0.6870117188,-2.11050415,65270320774
19.6831665,0.8917236328,-7.492523193,65270606975
17.87229919,-1.222045898,-13.21731567,65270891537
15.21342468,-2.383666992,-14.46463013,65271179710
14.33030701,-0.8102416992,-10.62271118,65271474829
10.91923523,0.8393554688,-6.885528564,65271767903
5.070663452,2.741271973,-4.912200928,65272042389
1.859542847,4.393249512,-3.852935791,65272321967
0.0623626709,5.338256836,-5.414459229,65272607486
-1.584854126,5.916687012,-7.632965088,65272890752
-3.720046997,7.180664063,-8.527984619,65273186915
-4.667434692,8.666015625,-8.9659729,65273481627
-4.431777954,8.980224609,-8.439910889,65273748255
-4.496047974,7.606750488,-6.947418213,65274034655
-4.660293579,7.423461914,-6.664154053,65274329544
-4.991165161,7.711486816,-6.756988525,65274624830
-5.472000122,7.76385498,-5.947662354,65274889144
-5.583877563,7.061645508,-4.400421143,65275174848
-5.888565063,6.171386719,-4.040985107,65275460003
-5.77192688,6.192810059,-4.955047607,65275746145
-4.591262817,7.211608887,-5.935760498,65276031789
-4.146133423,7.478210449,-6.299957275,65276319794
-4.348464966,6.902160645,-5.390655518,65276601349
-4.926895142,5.785766602,-3.093597412,65276887123
-5.693374634,5.207336426,-2.21762085,65277180760
-6.464614868,5.476318359,-3.498260498,65277459823
-5.541030884,6.635559082,-4.628936768,65277744427
-4.869766235,6.647460938,-4.493255615,65278029508
-5.124465942,5.938110352,-3.312591553,65278316171
-5.917129517,6.073791504,-2.736541748,65278601444
-6.233718872,6.756958008,-3.426849365,65278887249
-5.721939087,8.097106934,-4.093353271,65279172642
-5.153030396,9.168273926,-4.010040283,65279456732
-5.186355591,8.989746094,-3.181671143,65279743074
-5.067337036,8.949279785,-1.817718506,65280028943
-5.274429321,9.046875,-1.672515869,65280313512
-5.014968872,9.530090332,-2.389007568,65280598639
-4.515090942,9.584838867,-2.538970947,65280884035
-4.334182739,9.3515625,-3.084075928,65281187650
-4.477005005,8.792175293,-2.993621826,65281457189
-4.469863892,8.292297363,-2.519927979,65281742096
-4.26991272,7.78527832,-2.172393799,65282036704
-3.724807739,7.737670898,-1.934356689,65282314792
-3.324905396,7.666259766,-2.191436768,65282616958
-4.300857544,7.178283691,-2.905548096,65282885877
-4.984024048,7.056884766,-2.627044678,65283173785
-4.905471802,7.006896973,-2.448516846,65283517970
-4.779312134,7.409179688,-2.486602783,65283783188
-4.691238403,8.04473877,-3.205474854,65284038752
-5.517227173,7.978088379,-3.636322021,65284313984
-5.543411255,7.944763184,-3.162628174,65284599737
-5.005447388,7.678161621,-1.767730713,65284904988
-5.61958313,7.770996094,-1.315460205,65285168197
-6.174209595,7.106872559,-1.634429932,65285453569
-5.971878052,7.494873047,-0.9155578613,65285739235
-5.207778931,8.616027832,-1.401153564,65286024723
-6.159927368,8.823120117,-2.879364014,65286308707
-8.142776489,8.351806641,-4.283782959,65286595284
-10.17085266,8.463684082,-4.117156982,65286954030
-11.66334534,7.754333496,-3.900543213,65287174834
-12.14656067,8.266113281,-1.596343994,65287462319
-12.22749329,9.694335938,-0.9964904785,65287740824
-11.25868225,11.88189697,-1.755828857,65288023110
-10.98493958,12.18658447,-3.412567139,65288309115
-10.54695129,12.90545654,-6.040496826,65288652991
-11.44673157,14.61456299,-8.199493408,65288888862
-10.77070618,13.11016846,-8.756500244,65289191761
-8.440322876,8.194702148,-5.757232666,65289450356
-4.724563599,1.551086426,-1.320220947,65289735100
3.421066284,-5.104431152,-3.003143311,65290067936
10.85734558,-13.14056396,-10.38705444,65290310085
19.6831665,-19.46044922,-9.827667236,65290611233
19.6831665,-19.46044922,-7.230682373,65290888908
19.6831665,-19.46044922,-15.0763855,65291165569
19.6831665,-0.348449707,-19.68418884,65291471979
19.6831665,13.53387451,-16.81167603,65291735777
19.44572449,7.047363281,-6.72366333,65292030992
7.517684937,-5.844726563,-7.687713623,65292316601
-0.1590118408,-11.9432373,-9.651519775,65292590159
8.707870483,-5.578125,-5.607269287,65292876380
19.6831665,2.574645996,-4.267120361,65293162873
19.6831665,2.172363281,-10.80361938,65293449623
19.48857117,-3.264404297,-13.54104614,65293809524
14.44932556,-3.254882813,-10.88931274,65294094913
12.65452576,-0.06518554688,-7.494903564,65294331220
9.110153198,1.586791992,-6.145233154,65294622867
4.863571167,3.324462891,-6.928375244,65294909354
3.759078979,7.256835938,-8.523223877,65295306088
1.43107605,8.504150391,-7.083099365,65295555847
-0.392288208,7.756713867,-2.105743408,65295818268
-2.525100708,7.559143066,-0.4585266113,65296075532
-3.046401978,7.923339844,-3.652984619,65296342881
-3.37727356,9.737182617,-9.368255615,65296713813
-4.741226196,9.175415039,-11.53439331,65296896953
-5.88142395,6.925964355,-6.604644775,65297164760
-6.259902954,5.621520996,-3.160247803,65297465476
-5.864761353,6.666503906,-3.562530518,65297818835
-6.11946106,6.818847656,-5.595367432,65298087664
-7.707168579,5.588195801,-6.48324585,65298426812
-7.857131958,3.717224121,-2.339019775,65298640964
-8.940200806,2.857910156,0.09609985352,65298903867
-8.573623657,3.786254883,-1.360687256,65299198119
-7.683364868,5.138305664,-3.281646729,65299725341
-8.276077271,4.731262207,-3.802947998,65299791026
-8.347488403,4.209960938,-1.574920654,65300036083
-8.152297974,4.19329834,-0.4585266113,65300323217
-7.623855591,5.0859375,-1.679656982,65300723105
-6.212295532,6.471313477,-3.310211182,65300954051
-5.745742798,7.737670898,-4.450408936,65301168924
-5.650527954,8.239929199,-3.600616455,65301433239
-5.736221313,8.087585449,-3.015045166,65301750834
-5.4243927,8.304199219,-2.972198486,65302025252
-5.000686646,8.556518555,-2.865081787,65302424758
-4.812637329,8.651733398,-2.969818115,65302621635
-5.14112854,8.504150391,-2.505645752,65302895494
-5.521987915,8.435119629,-2.246185303,65303187398
-5.381546021,8.251831055,-1.839141846,65303457342
-5.176834106,8.011413574,-1.001251221,65303741838
-5.462478638,7.74005127,-0.5704040527,65304023915
-5.581497192,7.878112793,-0.5894470215,65304305006
-5.431533813,7.885253906,-1.153594971,65304602311
-5.219680786,8.316101074,-1.748687744,65305053129
-4.755508423,8.294677734,-2.162872314,65305174312
-4.8150177,8.19708252,-2.162872314,65305432161
-4.562698364,8.342285156,-1.71774292,65305735617
-4.679336548,8.356567383,-1.777252197,65306011284
-4.772171021,8.17565918,-1.874847412,65306313676
-4.912612915,8.051879883,-1.722503662,65306594238
-5.000686646,7.721008301,-1.960540771,65306886621
-4.600784302,7.48059082,-1.727264404,65307160296
-4.741226196,7.452026367,-1.772491455,65307462207
-4.903091431,7.454406738,-2.319976807,65307756804
-4.293716431,7.432983398,-2.172393799,65308031383
-4.112808228,7.094970703,-2.067657471,65308339870
-4.524612427,7.152099609,-1.924835205,65308587955
-5.18397522,7.171142578,-2.112884521,65308894687
-4.938796997,7.271118164,-1.970062256,65309178268
-4.565078735,6.811706543,-2.02243042,65309459583
-4.83644104,7.199707031,-2.089080811,65309734313
-5.75050354,7.43536377,-2.384246826,65310011414
-6.70741272,6.992614746,-2.203338623,65310313440
-7.309646606,6.040466309,-2.3699646,65310598587
-7.392959595,6.528442383,-1.639190674,65310882449
-8.199905396,8.356567383,-1.344024658,65311167331
-9.25440979,9.239685059,-2.279510498,65311441385
-9.506729126,9.641967773,-3.031707764,65311725488
-9.620986938,12.3651123,-3.012664795,65312030744
-11.89186096,13.8480835,-4.193328857,65312308037
-13.57002258,15.21679688,-3.864837646,65312632993
-13.6509552,15.92376709,-1.908172607,65312865503
-14.68165588,15.94042969,-1.12979126,65313144058
-14.93159485,14.21466064,-1.596343994,65313463688
-13.87471008,10.81787109,-1.593963623,65313740176
-10.95637512,7.009277344,-5.131195068,65314036427
-4.760269165,4.017150879,-9.303985596,65314296348
2.245162964,-1.407714844,-13.6434021,65314580354
10.16941833,-12.16461182,-14.25753784,65314925322
17.67472839,-19.46044922,-7.797210693,65315164975
19.6831665,-19.46044922,-2.962677002,65315475505
19.6831665,-19.46044922,-5.228790283,65315724217
19.6831665,-13.25006104,-13.41488647,65316024092
19.6831665,4.352783203,-15.53103638,65316308947
19.6831665,11.28918457,-12.78884888,65316585235
15.99894714,4.209960938,-12.78170776,65316880062
8.576950073,-5.211547852,-12.35562134,65317151589
6.805953979,-9.66998291,-10.86312866,65317466768
15.24436951,-5.44720459,-7.897186279,65317755868
19.6831665,-1.188720703,-7.8543396,65318041337
19.6831665,-2.774047852,-10.95834351,65318323019
18.86491394,-6.60168457,-11.19876099,65318616692
15.62998962,-5.53527832,-8.723175049,65318941608
11.18345642,-1.536254883,-6.083343506,65319222233
8.541244507,2.348510742,-5.269256592,65319477563
4.118515015,4.471801758,-6.111907959,65319823952
-0.2946929932,4.743164063,-5.257354736,65320001460
-4.343704224,5.15020752,-3.650604248,65320311089
-6.671707153,5.97857666,-3.629180908,65320624578
-7.928543091,7.26159668,-4.897918701,65320874672
-8.314163208,8.301818848,-5.892913818,65321209920
-7.738113403,8.804077148,-5.65725708,65321462777
-7.811904907,7.511535645,-6.845062256,65321739400
-8.409378052,5.58581543,-5.016937256,65322011949
-8.880691528,4.978820801,-2.527069092,65322326749
-8.545059204,5.450134277,-3.098358154,65322586169
-8.595046997,5.669128418,-5.174041748,65322864813
-7.876174927,5.876220703,-4.914581299,65323159134
-7.595291138,4.978820801,-3.32925415,65323440512
-8.116592407,3.683898926,-1.084564209,65323737295
-8.894973755,3.281616211,0.1032409668,65324045843
-8.495071411,3.814819336,-0.577545166,65324312519
-7.852371216,4.688415527,-2.6746521,65324588629
-6.874038696,5.597717285,-4.531341553,65324881527
-6.72883606,6.038085938,-5.116912842,65325168947
-6.395584106,5.897644043,-4.117156982,65325451698
-5.869522095,6.590332031,-3.21975708,65325742503
-5.75050354,7.340148926,-3.217376709,65326024819
-5.40296936,8.02331543,-2.898406982,65326303990
-5.524368286,8.506530762,-2.512786865,65326727240
-5.94569397,8.889770508,-2.21762085,65326899005
-6.026626587,9.28729248,-2.243804932,65327162339
-5.617202759,9.420593262,-1.951019287,65327407098
-5.274429321,9.234924316,-1.582061768,65327731972
-5.014968872,8.930236816,-0.9179382324,65328028971
-4.798355103,8.635070801,-0.9512634277,65328322796
-4.924514771,8.34942627,-1.541595459,65328597705
-4.98878479,7.744812012,-2.15335083,65328883161
-4.760269165,7.552001953,-2.11050415,65329165017
-4.753128052,7.575805664,-2.060516357,65329449538
-4.779312134,7.363952637,-2.341400146,65329747563
-4.643630981,7.304443359,-2.672271729,65330026742
-5.017349243,7.268737793,-2.810333252,65330334424
-5.114944458,7.299682617,-2.82699585,65330598511
-4.950698853,7.409179688,-2.47946167,65330874091
-4.87928772,7.61151123,-2.403289795,65331176218
-4.403213501,8.009033203,-2.377105713,65331476484
-4.115188599,8.399414063,-2.78414917,65331790947
-4.288955688,8.282775879,-2.679412842,65332005304
-4.262771606,8.170898438,-2.803192139,65332335092
-4.012832642,7.999511719,-2.612762451,65332566088
-4.131851196,7.994750977,-2.393768311,65332888994
-4.436538696,7.87097168,-2.529449463,65333204115
-4.912612915,7.730529785,-2.208099365,65333462756
-5.207778931,7.028320313,-2.19619751,65333818809
-5.648147583,6.880737305,-1.960540771,65334026080
-6.000442505,6.626037598,-2.281890869,65334276359
-5.974258423,5.921447754,-2.446136475,65334553410
-6.747879028,6.176147461,-2.141448975,65334843341
-7.419143677,6.321350098,-3.355438232,65335242725
-8.892593384,7.782897949,-5.383514404,65335469567
-12.87733459,9.253967285,-6.840301514,65335737171
-14.15559387,10.32751465,-4.54800415,65336061079
-13.32246399,11.75811768,-0.1228942871,65336326356
-12.09895325,14.7121582,1.283905029,65336626875
-9.252029419,15.63574219,-1.136932373,65336906713
-7.123977661,16.42126465,-2.2628479,65337187293
-7.414382935,16.04516602,-3.607757568,65337473014
-10.75642395,13.65765381,-5.673919678,65337807777
-10.44935608,9.530090332,-2.900787354,65338091060
-9.282974243,4.12902832,-1.179779053,65338332682
-4.865005493,-0.9244995117,-5.366851807,65338587296
4.416061401,-0.6031494141,-14.76217651,65338903913
10.6335907,-2.731201172,-19.68418884,65339134258
15.81803894,-14.46166992,-13.98855591,65339493018
17.93656921,-19.46044922,5.739959717,65339774280
19.6831665,-19.46044922,9.227203369,65340024418
19.6831665,-16.08746338,-7.625823975,65340336266
19.6831665,1.263061523,-19.68418884,65340607991
19.6831665,16.25701904,-19.68418884,65340846557
19.6831665,10.25134277,-19.68418884,65341097521
14.48503113,-3.121582031,-9.787200928,65341364639
8.038986206,-10.76971436,-5.354949951,65341668581
10.91685486,-7.75378418,-4.552764893,65341959407
17.5509491,-1.962341309,-2.974578857,65342238253
19.6831665,-1.514831543,-4.060028076,65342522104
19.17436218,-1.621948242,-7.118804932,65342793222
17.11058044,-0.04852294922,-9.72769165,65343127546
11.88804626,1.565368652,-9.120697021,65343378765
7.139205933,3.198303223,-7.530609131,65343668411
2.633163452,6.611755371,-4.793182373,65343949993
-0.4327545166,8.182800293,-4.512298584,65344224289
-3.474868774,7.263977051,-2.838897705,65344529958
-6.059951782,7.820983887,-2.991241455,65344805085
-7.569107056,9.292053223,-6.666534424,65345091133
-7.464370728,10.38226318,-8.406585693,65345375142
-7.423904419,9.30871582,-6.9402771,65345649470
-7.764297485,7.671020508,-4.964569092,65345955658
-8.14515686,6.766479492,-3.557769775,65346231399
-7.8618927,6.63079834,-4.469451904,65346518818
-7.940444946,6.330871582,-6.354705811,65346803415
-6.302749634,6.864074707,-6.016693115,65347075611
-6.124221802,6.207092285,-4.974090576,65347377153
-5.591018677,6.185668945,-3.041229248,65347659481
-5.626724243,6.078552246,-3.157867432,65347960848
-5.96711731,5.752441406,-2.429473877,65348271158
-6.507461548,5.078796387,-1.139312744,65348566815
-6.488418579,5.504882813,-0.8013000488,65348830606
-5.883804321,5.545349121,-2.04385376,65349110900
-5.257766724,5.67388916,-3.293548584,65349397102
-6.31703186,6.402282715,-3.933868408,65349683190
-7.547683716,5.731018066,-3.795806885,65349969015
-7.678604126,5.619140625,-2.148590088,65350254830
-7.209671021,6.802185059,-1.615386963,65350538166
-6.540786743,8.049499512,-2.253326416,65350823622
-5.633865356,9.249206543,-3.264984131,65351108802
-5.636245728,9.76574707,-2.967437744,65351395098
-5.224441528,9.751464844,-1.896270752,65351682734
-4.646011353,9.637207031,-1.170257568,65351965100
-4.329421997,9.282531738,-1.008392334,65352251338
-3.860488892,8.906433105,-0.856048584,65352537794
-3.741470337,8.72076416,-1.015533447,65352824004
-4.18421936,8.580322266,-1.698699951,65353110601
-4.377029419,8.577941895,-2.572296143,65353394933
-4.579360962,8.675537109,-2.931732178,65353691074
-4.729324341,8.361328125,-2.786529541,65353966663
-5.193496704,7.882873535,-2.186676025,65354254235
-5.529129028,7.84954834,-2.108123779,65354535269
-5.412490845,8.00189209,-2.405670166,65354821084
-4.829299927,7.93762207,-2.355682373,65355114361
-4.600784302,7.844787598,-2.431854248,65355392752
-4.55317688,8.19708252,-3.072174072,65355677552
-4.181838989,8.344665527,-3.264984131,65355964436
-3.717666626,8.228027344,-2.727020264,65356255870
-3.893814087,8.085205078,-2.298553467,65356538077
-4.222305298,8.018554688,-1.929595947,65356820772
-4.312759399,7.737670898,-2.074798584,65357115659
-4.33656311,7.487731934,-2.060516357,65357393392
-4.369888306,7.142578125,-2.203338623,65357677517
-4.472244263,7.187805176,-2.331878662,65357993663
-4.805496216,7.137817383,-2.750823975,65358248818
-5.000686646,7.209228516,-2.8722229,65358532712
-4.976882935,6.678405762,-2.748443604,65358819520
-5.150650024,6.149963379,-2.117645264,65359109537
-5.79335022,6.228515625,-1.989105225,65359389089
-6.312271118,6.416564941,-2.358062744,65359674962
-6.169448853,6.159484863,-2.627044678,65359985341
-6.031387329,6.507019043,-2.750823975,65360252432
-6.38130188,7.142578125,-2.684173584,65360530281
-7.369155884,7.568664551,-2.203338623,65360815677
-8.942581177,7.930480957,-2.605621338,65361123632
-10.25178528,8.975463867,-2.298553467,65361387823
-9.066360474,8.011413574,-1.410675049,65361673926
-6.352737427,10.03948975,-3.062652588,65361958746
-6.31703186,15.23822021,-6.928375244,65362246711
-8.821182251,16.85925293,-9.327789307,65362528975
-11.87043762,16.58789063,-8.375640869,65362817293
-12.5393219,13.70288086,-4.221893311,65363101009
-12.82258606,11.92236328,-1.441619873,65363393024
-12.71784973,10.40368652,-3.322113037,65363685987
-13.16297913,8.15423584,-4.671783447,65363954433
-9.968521118,5.888122559,-5.290679932,65364240660
-5.607681274,3.855285645,-6.671295166,65364526724
0.8812103271,0.9393310547,-7.801971436,65364812183
6.28465271,-4.307006836,-8.332794189,65365108665
9.848068237,-13.87371826,-7.009307861,65365386232
17.95323181,-19.46044922,-0.7893981934,65365668392
19.6831665,-19.46044922,-1.810577393,65365954005
19.6831665,-19.46044922,-13.91000366,65366249354
19.6831665,-5.704284668,-19.68418884,65366526817
19.6831665,8.380371094,-19.68418884,65366811696
19.6831665,8.796936035,-14.56460571,65367096601
15.91801453,-0.9006958008,-9.408721924,65367381721
12.37364197,-9.08203125,-8.185211182,65367680769
15.11582947,-9.117736816,-6.585601807,65367953041
19.6831665,-4.566467285,-5.135955811,65368239952
19.6831665,-3.226318359,-5.438262939,65368524024
19.6831665,-3.22869873,-7.385406494,65368809847
17.14866638,-1.87902832,-12.66268921,65369098984
10.62644958,-0.2698974609,-11.8152771,65369382147
4.085189819,1.263061523,-6.666534424,65369664256
-1.970474243,3.943359375,-3.883880615,65369950659
-5.614822388,5.152587891,-1.460662842,65370247912
-8.847366333,4.855041504,-1.843902588,65370525695
-10.35652161,6.449890137,-4.288543701,65370808221
-10.42793274,8.651733398,-8.580352783,65371094465
-10.66596985,9.082580566,-10.36801147,65371387448
-10.44459534,7.390136719,-7.990020752,65371663316
-10.84449768,4.669372559,-3.748199463,65371948800
-11.99897766,3.550598145,-3.664886475,65372235112
-11.2467804,4.026672363,-5.107391357,65372520980
-8.849746704,4.333740234,-6.447540283,65372806209
-7.385818481,3.422058105,-6.235687256,65373091960
-7.890457153,1.27734375,-4.674163818,65373375833
-9.097305298,0.5489501953,-3.186431885,65373661035
-8.783096313,1.772460938,-3.457794189,65373946225
-6.364639282,4.640808105,-5.245452881,65374241381
-4.246109009,8.042358398,-4.831268311,65374519992
-4.757888794,9.101623535,-3.43637085,65374808111
-6.188491821,9.584838867,-3.210235596,65375090507
-7.038284302,9.325378418,-3.52444458,65375377394
-6.70741272,8.789794922,-3.422088623,65375664132
-5.595779419,8.675537109,-2.422332764,65375960842
-5.574356079,8.030456543,-1.251190186,65376233439
-6.447952271,7.235412598,-0.9298400879,65376521150
-6.814529419,6.983093262,-1.203582764,65376803001
-6.633621216,7.059265137,-2.515167236,65377088623
-6.090896606,7.606750488,-3.788665771,65377374918
-5.46723938,7.721008301,-3.364959717,65377662400
-5.51008606,7.363952637,-2.396148682,65377945587
-5.626724243,7.159240723,-1.344024658,65378229776
-5.338699341,7.054504395,-1.246429443,65378515610
-4.888809204,7.616271973,-1.734405518,65378799672
-4.695999146,8.297058105,-2.177154541,65379092110
-4.565078735,8.573181152,-2.19619751,65379374844
-4.455581665,8.530334473,-1.789154053,65379657402
-4.396072388,8.7421875,-2.143829346,65379943397
-4.119949341,8.918334961,-2.869842529,65380228466
-4.105667114,8.694580078,-2.981719971,65380514236
-4.634109497,8.380371094,-2.629425049,65380799730
-4.907852173,8.118530273,-2.657989502,65381116986
-5.074478149,7.809082031,-2.191436768,65381370742
-4.784072876,8.099487305,-1.301177979,65381654975
-4.07472229,8.506530762,-1.19644165,65381939983
-4.065200806,8.427978516,-2.167633057,65382226932
-4.619827271,8.02331543,-3.074554443,65382515959
-5.231582642,7.521057129,-3.531585693,65382796979
-5.683853149,6.990234375,-3.188812256,65383116416
-5.848098755,6.69744873,-2.431854248,65383367492
-5.655288696,6.390380859,-1.929595947,65383680251
-5.498184204,6.468933105,-2.00100708,65383940967
-5.338699341,6.497497559,-2.281890869,65384235115
-4.895950317,7.194946289,-3.019805908,65384511435
-4.738845825,7.532958984,-3.412567139,65384799274
-5.483901978,7.935241699,-2.505645752,65385080552
-5.043533325,7.93762207,-2.136688232,65385366990
-4.374649048,7.978088379,-2.134307861,65385651556
-4.42225647,7.635314941,-2.815093994,65385937921
-5.448196411,7.78527832,-3.148345947,65386224643
-6.307510376,7.068786621,-3.54586792,65386510366
-7.269180298,6.390380859,-2.953155518,65386866090
-7.540542603,5.952392578,-2.231903076,65387086655
-7.778579712,6.340393066,-2.400909424,65387370892
-8.590286255,7.456787109,-2.512786865,65387732812
-9.878067017,8.839782715,-3.85055542,65387979832
-11.78236389,10.00140381,-4.600372314,65388277437
-13.40339661,10.55603027,-4.605133057,65388547458
-15.04823303,11.63195801,-4.87411499,65388822608
-15.00776672,12.5793457,-3.186431885,65389109453
-14.31269836,12.69598389,-0.9964904785,65389379599
-11.93946838,11.40820313,0.1103820801,65389693923
-9.418655396,10.3560791,-2.365203857,65389967801
-7.102554321,9.625305176,-6.937896729,65390248532
-1.52772522,8.587463379,-9.256378174,65390613819
4.066146851,5.17401123,-12.78408813,65390890847
5.263473511,-1.076843262,-9.515838623,65391082024
8.236557007,-9.153442383,-7.297332764,65391363405
13.09965515,-14.20220947,-7.07119751,65391651878
19.08628845,-17.40142822,-8.658905029,65391940024
19.6831665,-18.62493896,-8.775543213,65392294649
19.6831665,-16.58972168,-10.22280884,65392660512
19.6831665,-5.901855469,-13.38632202,65392867458
19.6831665,7.778137207,-16.82119751,65393189979
16.06321716,6.916442871,-14.38845825,65393463746
7.96043396,-3.971374512,-12.33181763,65393634481
2.026168823,-10.81732178,-9.927642822,65393924557
5.739547729,-8.091796875,-6.707000732,65394223039
13.26152039,-2.055175781,-5.231170654,65394502574
19.6831665,0.6560668945,-5.921478271,65394794202
19.6831665,0.1657104492,-7.844818115,65395069976
19.6831665,-2.433654785,-11.5272522,65395357154
19.28385925,-3.090637207,-14.55984497,65395657250
13.2353363,-1.898071289,-13.49819946,65395938148
7.19871521,-0.003295898438,-11.61056519,65396223242
3.183029175,2.06048584,-6.740325928,65396500926
-0.1732940674,3.743408203,-2.643707275,65396784979
-3.824783325,3.69342041,-3.422088623,65397092781
-5.745742798,5.285888672,-5.340667725,65397401629
-7.419143677,6.823608398,-7.413970947,65397656900
-8.587905884,6.921203613,-6.942657471,65397956280
-9.661453247,6.328491211,-4.776519775,65398289441
-10.15180969,4.812194824,-3.274505615,65398855388
-11.16346741,3.919555664,-3.712493896,65398894474
-12.25605774,2.73651123,-5.345428467,65399145994
-12.06086731,1.589172363,-5.493011475,65399375152
-10.7111969,1.67010498,-5.869110107,65399684410
-9.252029419,2.005737305,-6.70223999,65399941629
-8.576004028,2.753173828,-6.292816162,65400221744
-8.742630005,2.876953125,-4.793182373,65400516201
-9.423416138,3.326843262,-2.788909912,65400780373
-9.249649048,3.598205566,-1.658233643,65401060418
-7.750015259,5.145446777,-1.298797607,65401365874
-5.195877075,7.225891113,-2.634185791,65401645764
-4.215164185,8.382751465,-3.181671143,65401928415
-5.600540161,7.621032715,-2.379486084,65402232280
-6.802627563,7.34967041,-0.9346008301,65402505292
-7.112075806,7.644836426,-0.2847595215,65402792061
-6.236099243,8.204223633,-0.6251525879,65403073833
-5.952835083,8.623168945,-0.7441711426,65403358172
-6.457473755,8.482727051,-0.9560241699,65403680773
-6.624099731,8.204223633,-1.339263916,65403920962
-6.42414856,8.261352539,-2.053375244,65404206319
-6.383682251,8.423217773,-2.876983643,65404486509
-5.374404907,8.225646973,-3.11026001,65404775293
-4.743606567,7.847167969,-2.646087646,65405049712
-4.8150177,7.559143066,-2.681793213,65405450441
-4.669815063,7.673400879,-2.665130615,65405631046
-4.53175354,7.856689453,-2.300933838,65405911569
-4.353225708,7.863830566,-1.955780029,65406213925
-4.398452759,7.844787598,-1.927215576,65406574232
-4.615066528,7.661499023,-2.141448975,65406813174
-4.912612915,7.725769043,-2.462799072,65407072485
-4.87928772,7.673400879,-2.95791626,65407364232
-4.610305786,8.051879883,-3.105499268,65407657976
-4.567459106,8.042358398,-3.095977783,65407913650
-4.905471802,8.078063965,-3.019805908,65408213163
-4.981643677,7.999511719,-2.71987915,65408501126
-4.738845825,7.797180176,-2.398529053,65408777393
-4.491287231,7.711486816,-2.146209717,65409067302
-4.460342407,7.825744629,-2.586578369,65409342579
-4.179458618,7.999511719,-3.053131104,65409646271
-4.098526001,8.099487305,-3.148345947,65409928865
-4.134231567,8.180419922,-3.286407471,65410205614
-4.369888306,7.61151123,-2.910308838,65410495955
-4.819778442,6.766479492,-1.89151001,65410775204
-5.386306763,5.562011719,-1.448760986,65411082620
-5.864761353,5.304931641,-1.772491455,65411349765
-5.362503052,6.142822266,-2.565155029,65411666405
-4.519851685,6.842651367,-3.398284912,65411945647
-3.891433716,7.5234375,-4.0909729,65412204054
-4.436538696,7.554382324,-4.836029053,65412657880
-5.848098755,8.801696777,-4.574188232,65412782055
-6.831192017,9.80859375,-4.152862549,65413071803
-6.871658325,10.28942871,-3.641082764,65413361128
-7.492935181,10.97973633,-2.046234131,65413622760
-9.44960022,12.02947998,-1.253570557,65413975107
-11.63478088,11.80810547,-2.093841553,65414196270
-12.71546936,11.23681641,-2.239044189,65414455251
-13.24391174,10.43939209,-1.967681885,65414840531
-14.06752014,10.18469238,-1.258331299,65415049361
-15.0839386,8.901672363,-1.867706299,65415374161
-15.18391418,12.26751709,-4.595611572,65415654580
-14.77210999,14.33605957,-9.05166626,65415912020
-13.26295471,13.98852539,-9.622955322,65416277853
-9.480545044,9.563415527,-6.871246338,65416513545
-4.676956177,3.003112793,-4.1980896,65416772071
2.683151245,-6.606445313,-2.289031982,65417083535
14.9158783,-17.83227539,-5.293060303,65417360153
19.6831665,-19.46044922,-8.785064697,65417687177
19.6831665,-19.46044922,-9.284942627,65417927618
19.6831665,-19.46044922,-19.68418884,65418224784
19.6831665,0.1228637695,-19.68418884,65418565140
19.6831665,17.07348633,-19.68418884,65418798984
19.6831665,5.202575684,-10.28945923,65419096043
14.38267517,-11.38623047,-9.29208374,65419356351
11.18345642,-15.19006348,-6.654632568,65419646571
12.35697937,-8.924926758,-2.667510986,65419877953
13.78282166,-5.932800293,-1.765350342,65420177605
12.9306488,-4.987792969,-4.043365479,65420460294
10.40745544,-3.657165527,-9.522979736,65420749027
8.667404175,-0.9483032227,-12.16043091,65421121445
6.24180603,2.772216797,-12.06283569,65421376600
2.559371948,4.84552002,-10.41323853,65421666145
-1.70149231,6.002380371,-8.613677979,65421950377
-2.222793579,7.973327637,-7.766265869,65422237597
-2.9868927,9.151611328,-8.749359131,65422537208
-5.343460083,8.016174316,-9.415863037,65422809141
-6.954971313,8.470825195,-8.211395264,65423094015
-6.983535767,8.551757813,-5.590606689,65423379989
-7.292984009,8.344665527,-5.807220459,65423642495
-6.72883606,7.770996094,-5.973846436,65423970272
-6.195632935,8.278015137,-6.368988037,65424190794
-5.964736938,7.98046875,-6.283294678,65424524885
-6.045669556,6.89263916,-5.185943604,65424812109
-5.893325806,6.271362305,-4.152862549,65425060320
-5.600540161,6.233276367,-4.640838623,65425510587
-4.914993286,7.049743652,-5.121673584,65425635019
-3.843826294,7.378234863,-4.857452393,65425964234
-3.772415161,6.806945801,-3.13168335,65426247367
-4.829299927,6.202331543,-2.177154541,65426487428
-5.279190063,6.128540039,-2.184295654,65426990748
-5.764785767,6.095214844,-3.245941162,65427095378
-5.783828735,6.119018555,-4.162384033,65427342005
-5.595779419,6.033325195,-3.195953369,65427616064
-5.55531311,5.78338623,-2.572296143,65427907466
-6.31703186,5.785766602,-2.912689209,65428211617
-6.745498657,5.466796875,-2.374725342,65428516608
-6.88117981,6.154724121,-1.374969482,65428828842
-5.790969849,8.054260254,-2.857940674,65429077945
-5.319656372,9.822875977,-4.11239624,65429334793
-6.214675903,10.36083984,-4.162384033,65429694975
-7.104934692,9.810974121,-3.964813232,65429911748
-7.062088013,9.622924805,-3.105499268,65430258006
-5.948074341,9.211120605,-2.336639404,65430515007
-4.350845337,9.339660645,-1.917694092,65430766877
-4.267532349,8.342285156,-2.036712646,65431139894
-5.057815552,6.966430664,-2.077178955,65431350364
-5.59815979,6.352294922,-2.148590088,65431634741
-5.862380981,5.904785156,-2.317596436,65431971609
-6.031387329,6.007141113,-2.486602783,65432197157
-5.75050354,6.190429688,-2.534210205,65432558006
-5.462478638,6.573669434,-2.517547607,65432830502
-5.360122681,6.983093262,-2.665130615,65433117329
-5.179214478,7.178283691,-2.684173584,65433374587
-4.700759888,7.394897461,-2.624664307,65433633955
-4.484146118,7.704345703,-2.553253174,65433912566
-4.912612915,7.992370605,-2.584197998,65434292108
-5.155410767,7.93762207,-2.441375732,65434469037
-5.238723755,7.878112793,-2.265228271,65434760130
-5.09828186,7.830505371,-2.148590088,65435046338
-4.898330688,7.709106445,-2.150970459,65435346299
-4.446060181,7.111633301,-2.008148193,65435663035
-5.322036743,7.30682373,-1.484466553,65435904986
-6.464614868,7.321105957,-1.71774292,65436183600
-6.581253052,6.933105469,-1.712982178,65436482064
-6.019485474,6.433227539,-1.977203369,65436729708
-5.96711731,6.730773926,-1.941497803,65437009208
-7.057327271,7.204467773,-2.74130249,65437302770
-7.150161743,6.954528809,-3.619659424,65437578453
-6.388442993,7.199707031,-4.540863037,65437897155
-6.383682251,8.120910645,-4.519439697,65438152034
-8.118972778,8.7421875,-4.067169189,65438438214
-10.2256012,8.885009766,-4.433746338,65438722708
-11.88948059,9.294433594,-4.814605713,65439007898
-12.47029114,10.54174805,-3.838653564,65439284997
-11.88471985,11.53198242,-2.493743896,65439618819
-14.13893127,12.39367676,-0.551361084,65439902947
-15.72425842,13.31011963,-1.274993896,65440189638
-15.76234436,12.93164063,-5.057403564,65440467877
-12.860672,11.41772461,-8.26852417,65440769549
-4.755508423,11.02496338,-8.020965576,65441050667
5.39201355,9.163513184,-8.925506592,65441370875
9.355331421,3.586303711,-11.01309204,65441723046
8.246078491,-9.915161133,-8.7684021,65441886750
11.00254822,-19.46044922,-3.486358643,65442170395
15.93467712,-19.46044922,-6.44039917,65442501456
19.6831665,-19.46044922,-12.52700806,65442764713
19.6831665,-17.57995605,-19.68418884,65443016228
19.6831665,3.341125488,-17.93521118,65443295319
19.6831665,9.365844727,-8.042388916,65443606415
8.791183472,-0.6745605469,-5.231170654,65443897137
-0.4732208252,-10.00323486,-6.916473389,65444180935
-2.410842896,-9.617614746,-8.499420166,65444476586
1.811935425,-5.309143066,-7.175933838,65444750379
8.979232788,-0.6221923828,-7.732940674,65445040315
15.13249207,1.736755371,-11.74624634,65445334379
18.37217712,1.596313477,-16.3117981,65445615132
17.47001648,-0.4650878906,-18.61361694,65445890732
15.68473816,-2.847839355,-16.50460815,65446183657
13.62571716,-4.299865723,-13.76242065,65446489501
10.37889099,-3.616699219,-9.680084229,65446754649
8.291305542,-1.643371582,-5.128814697,65447037703
7.620040894,0.5346679688,-2.643707275,65447315986
6.184677124,2.881713867,-3.441131592,65447629149
5.106369019,4.783630371,-6.13571167,65447899188
2.740280151,6.54510498,-7.133087158,65448178128
0.9407196045,6.604614258,-4.824127197,65448517053
0.08140563965,6.835510254,-1.896270752,65448855577
-2.294204712,6.492736816,-1.548736572,65449023587
-3.572463989,6.842651367,-4.157623291,65449307048
-4.484146118,7.375854492,-6.280914307,65449628925
-5.929031372,7.168762207,-6.209503174,65449907174
-7.473892212,6.292785645,-4.833648682,65450181756
-8.402236938,5.557250977,-4.509918213,65450476450
-8.411758423,5.964294434,-5.847686768,65450758564
-7.254898071,7.078308105,-7.566314697,65451037635
-6.290847778,7.628173828,-7.433013916,65451324176
-6.55506897,7.097351074,-6.707000732,65451590488
-7.623855591,6.188049316,-4.866973877,65451888862
-8.328445435,5.519165039,-2.427093506,65452176689
-8.397476196,5.878601074,-1.908172607,65452455919
-7.942825317,6.373718262,-3.293548584,65452748134
-7.257278442,6.447509766,-4.393280029,65453022267
-6.581253052,6.495117188,-4.364715576,65453315689
-6.214675903,6.523681641,-3.648223877,65453610328
-6.443191528,6.34753418,-3.126922607,65453892276
-5.988540649,6.714111328,-2.831756592,65454181124
-5.279190063,7.187805176,-2.231903076,65454458413
-4.634109497,7.623413086,-2.334259033,65454746492
-4.791213989,7.84954834,-3.043609619,65455025911
-4.907852173,7.98046875,-3.7862854,65455310714
-5.188735962,7.985229492,-4.276641846,65455691329
-5.59815979,7.58770752,-3.950531006,65455874108
-5.786209106,7.437744141,-3.257843018,65456182016
-5.798110962,7.521057129,-2.477081299,65456447491
-5.786209106,7.704345703,-2.405670166,65456775155
-5.664810181,7.721008301,-2.527069092,65457054046
-5.376785278,7.887634277,-2.74130249,65457314585
-5.172073364,8.128051758,-2.919830322,65457622794
-5.007827759,8.399414063,-2.862701416,65457892959
-4.834060669,8.216125488,-2.655609131,65458181905
