-3.760513306,5.32635498,5.501922607,50282703430
-5.210159302,4.783630371,4.599761963,50282932092
-4.686477661,6.192810059,7.013458252,50283146998
-3.370132446,6.135681152,5.623321533,50283393502
-4.938796997,5.533447266,4.433135986,50283682808
-5.448196411,4.990722656,3.285797119,50283967855
-2.52986145,8.130432129,2.695465088,50284249186
-4.679336548,3.433959961,1.52432251,50284546929
-0.773147583,8.149475098,4.806854248,50284836635
0.5289154053,11.66290283,2.440765381,50285131953
-0.7517242432,9.137329102,1.736175537,50285417451
1.754806519,10.83691406,-0.4394836426,50285706150
-1.111160278,8.237548828,9.334320068,50285988446
-0.8350372314,9.387268066,5.613800049,50286295517
-1.979995728,8.880249023,4.890167236,50286591801
-0.7850494385,9.08972168,4.792572021,50286832553
-2.970230103,9.556274414,0.6578674316,50287117835
-1.525344849,8.449401855,2.252716064,50287409896
-0.3946685791,10.6940918,5.316253662,50287697709
-1.889541626,9.223022461,-0.425201416,50287995679
-0.3065948486,9.91809082,4.137969971,50288279675
-1.960952759,9.3515625,9.44619751,50288639031
-0.1732940674,7.294921875,5.223419189,50444122310
-1.013565063,6.890258789,6.375518799,50444314633
-1.327774048,6.730773926,7.311004639,50444598333
-1.437271118,6.709350586,7.951324463,50444883416
-0.8540802002,6.842651367,7.287200928,50445172032
-0.5493927002,7.083068848,6.687347412,50445456603
-0.8326568604,7.302062988,6.154144287,50445742818
-0.9564361572,7.466308594,5.473358154,50446028497
-0.7612457275,7.701965332,5.397186279,50446315690
-0.8683624268,7.76385498,5.206756592,50446605700
-0.799331665,7.780517578,5.416229248,50446887140
-0.9112091064,7.604370117,5.766143799,50447172925
-1.149246216,7.513916016,5.632843018,50447456068
-0.9635772705,7.559143066,5.361480713,50447745098
-1.123062134,7.432983398,5.628082275,50448053360
-1.075454712,7.530578613,6.170806885,50448313407
-0.7207794189,7.404418945,6.239837646,50448605210
-0.2946929932,7.352050781,6.380279541,50448884541
-0.3327789307,7.287780762,6.630218506,50449174120
-1.230178833,7.204467773,6.625457764,50449459671
-1.537246704,7.354431152,6.092254639,50449762225
-1.161148071,7.561523438,6.135101318,50450025023
-1.232559204,7.685302734,5.87802124,50450321517
-1.475357056,7.975708008,4.866363525,50450617931
-1.408706665,7.909057617,4.226043701,50450889126
-1.323013306,7.647216797,5.63760376,50451169995
-0.9826202393,7.594848633,7.306243896,50451476031
-0.799331665,7.385375977,6.830169678,50451741666
-1.108779907,7.761474609,5.918487549,50452037955
-1.270645142,7.84954834,4.487884521,50452337878
-1.227798462,7.868591309,4.187957764,50452608579
-1.068313599,7.685302734,4.387908936,50452882882
-0.87550354,7.582946777,4.878265381,50453189731
-0.6922149658,7.854309082,5.585235596,50453479583
-0.2589874268,7.923339844,5.473358154,50453762569
-0.5517730713,7.76385498,5.540008545,50454048950
-0.7755279541,7.492492676,6.061309814,50454329908
-0.6993560791,7.356811523,6.568328857,50454620337
-0.7112579346,7.528198242,6.665924072,50454905307
-0.8374176025,7.649597168,6.09463501,50455170692
-1.270645142,7.663879395,5.861358643,50455455231
-1.480117798,7.866210938,6.177947998,50455742847
-0.9683380127,7.706726074,5.766143799,50456024532
-0.7802886963,7.613891602,5.228179932,50456310844
-1.277786255,7.390136719,5.723297119,50456603927
-1.165908813,7.344909668,6.699249268,50456881968
-1.194473267,7.325866699,6.544525146,50457168079
-1.211135864,7.590087891,5.3543396,50457453672
-1.02784729,7.609130859,4.98538208,50457739054
-1.089736938,7.594848633,5.923248291,50458025833
-1.28968811,7.571044922,6.068450928,50458314639
-1.361099243,7.618652344,5.977996826,50458598193
-1.132583618,7.787658691,5.642364502,50458964853
-1.084976196,7.890014648,5.394805908,50459168354
-1.406326294,7.790039063,5.582855225,50459468021
-1.472976685,7.69720459,5.537628174,50459741423
-1.461074829,7.561523438,5.761383057,50460024394
-1.494400024,7.440124512,6.013702393,50460309728
-1.18019104,7.473449707,6.101776123,50460596264
-0.6826934814,7.444885254,5.947052002,50460882921
-0.5017852783,7.454406738,5.806610107,50461168401
-0.9135894775,7.428222656,5.913726807,50461468094
-1.080215454,7.468688965,5.828033447,50461751793
-0.9183502197,7.463928223,5.449554443,50462035855
-0.8636016846,7.528198242,5.297210693,50462316273
-0.7517242432,7.444885254,5.337677002,50462602005
-0.7802886963,7.34967041,5.866119385,50462905435
-0.7683868408,7.387756348,6.147003174,50463191130
-0.5160675049,7.454406738,5.935150146,50463491273
-0.4256134033,7.509155273,6.03036499,50463773467
-0.1590118408,7.623413086,6.194610596,50464059896
-0.3780059814,7.728149414,5.980377197,50464345618
0.1647186279,7.906677246,6.068450928,50464649419
1.742904663,7.799560547,7.011077881,50464918183
2.464157104,7.266357422,7.068206787,50465170454
2.397506714,7.094970703,6.266021729,50465457931
0.1218719482,6.266601563,5.15914917,50465755740
0.3313446045,7.111633301,4.483123779,50466053945
0.547958374,7.628173828,3.550018311,50466323427
-1.111160278,7.678161621,3.245330811,50466666482
-2.936904907,7.5234375,5.251983643,50466919549
-2.467971802,7.54486084,7.277679443,50467200304
-2.801223755,7.08782959,7.620452881,50467513688
-4.050918579,6.737915039,8.037017822,50467770458
-3.379653931,7.102111816,9.267669678,50468055824
-1.944290161,7.309204102,8.391693115,50468340612
-1.668167114,7.121154785,6.532623291,50468608269
-1.591995239,7.144958496,6.582611084,50468885290
-2.096633911,6.837890625,7.353851318,50469189192
-2.467971802,6.628417969,7.065826416,50469469429
-1.994277954,6.654602051,6.611175537,50469752709
-1.591995239,6.818847656,5.916107178,50470061478
-1.449172974,7.10925293,4.966339111,50470352358
-1.608657837,7.009277344,4.359344482,50470630264
-2.110916138,6.752197266,4.628326416,50470898122
-2.22517395,6.868835449,5.928009033,50471167676
-1.81098938,7.32824707,6.651641846,50471454098
-1.687210083,7.518676758,7.141998291,50471773027
-2.213272095,7.114013672,7.082489014,50472056979
-2.0728302,7.406799316,6.368377686,50472313094
-2.053787231,7.621032715,5.347198486,50472600335
-1.839553833,7.666259766,4.806854248,50472882216
-1.373001099,7.616271973,5.223419189,50473303843
-0.9564361572,7.666259766,6.218414307,50473549899
-0.7183990479,7.635314941,6.24697876,50473783976
-0.5565338135,7.744812012,5.797088623,50474069040
-0.7826690674,7.687683105,5.689971924,50474334762
-0.9183502197,7.742431641,5.323394775,50474617287
-1.065933228,7.475830078,5.549530029,50474904813
-2.208511353,7.344909668,6.223175049,50475193704
-1.720535278,7.506774902,6.699249268,50475498367
-0.5351104736,7.518676758,6.604034424,50475765851
-0.5660552979,7.559143066,6.192230225,50476051262
-0.468460083,7.485351563,5.692352295,50476338507
-3.68196106,6.411804199,9.277191162,50476621724
-2.584609985,6.906921387,4.925872803,50476928905
-0.8397979736,7.144958496,4.761627197,50477197688
-1.958572388,6.676025391,7.453826904,50477486023
-4.888809204,7.263977051,5.951812744,50477778273
-3.189224243,7.333007813,5.149627686,50478054968
-2.513198853,7.406799316,4.271270752,50478365204
-2.084732056,7.647216797,4.54977417,50478620997
-1.725296021,7.104492188,5.904205322,50478907797
-2.118057251,6.961669922,4.347442627,50479192950
-2.22517395,6.411804199,6.296966553,50479504896
-1.587234497,7.940002441,6.411224365,50480056135
-2.915481567,6.273742676,5.989898682,50480255609
-2.475112915,7.50201416,3.952301025,50480469355
-1.356338501,7.678161621,5.371002197,50480715564
-3.05116272,7.237792969,5.735198975,50480928736
-1.782424927,7.17590332,7.056304932,50481230944
-1.303970337,7.116394043,6.884918213,50481477166
-1.584854126,7.437744141,9.082000732,50481764632
-1.570571899,7.173522949,7.818023682,50482050615
-0.5779571533,5.952392578,7.941802979,50482339811
0.07664489746,3.393493652,7.927520752,50482635333
0.3718109131,3.015014648,9.29385376,50482904535
1.631027222,2.189025879,8.796356201,50483191464
2.64982605,1.672485352,10.02462769,50483479427
2.404647827,1.546325684,9.431915283,50483765361
2.333236694,2.826965332,9.865142822,50484063249
2.095199585,3.417297363,9.155792236,50484337701
1.523910522,2.438964844,9.003448486,50484655796
0.8169403076,-0.7340698242,8.879669189,50484907724
1.652450562,-1.614807129,9.239105225,50485194815
2.295150757,1.815307617,11.75039673,50485496189
1.685775757,1.244018555,9.836578369,50485766135
1.473922729,0.5608520508,8.658294678,50486053752
2.333236694,-0.881652832,8.008453369,50486341266
2.78074646,1.220214844,9.738983154,50486626085
0.6431732178,-0.9006958008,9.536651611,50487162789
0.5074920654,1.684387207,10.77920532,50487213433
-0.6446075439,-0.6150512695,8.246490479,50487478071
0.6884002686,-0.2913208008,7.077728271,50487866264
1.428695679,-0.3246459961,8.122711182,50488091093
0.6503143311,-1.783813477,9.393829346,50488321189
0.6169891357,-0.6626586914,8.555938721,50488627791
0.8193206787,-0.9887695313,7.406219482,50488893880
1.088302612,-1.388671875,9.960357666,50489163868
-0.1233062744,-2.424133301,8.889190674,50489467468
0.4146575928,-1.267272949,9.779449463,50489753973
1.290634155,-0.4151000977,9.239105225,50490053069
1.826217651,-1.048278809,10.13174438,50490343637
-3.148757935,-1.169677734,1.864715576,50490610753
-6.505081177,-4.623596191,11.65994263,50490894518
-4.841201782,-4.742614746,4.954437256,50491179855
0.4170379639,-2.790710449,11.21481323,50491482679
-1.492019653,-2.202758789,10.27456665,50491764085
-2.329910278,-4.021362305,8.513092041,50492061674
-1.972854614,-3.919006348,8.920135498,50492323452
-0.9183502197,-2.821655273,8.83682251,50492608873
-0.7303009033,-2.869262695,7.496673584,50492904471
-0.9373931885,-2.633605957,8.710662842,50493192451
-0.4089508057,-2.359863281,7.758514404,50493471837
-0.8183746338,-3.233459473,6.382659912,50493751034
-0.5041656494,-3.473876953,3.404815674,50494043940
6.363204956,-2.126586914,12.5930481,50494312188
2.78074646,-1.614807129,13.32382202,50494597714
1.697677612,-3.48815918,10.10079956,50494881179
0.8812103271,-4.787841797,9.227203369,50495159562
0.3170623779,-3.85949707,8.153656006,50495450948
-0.5303497314,-4.654541016,6.368377686,50495757994
2.340377808,-2.048034668,7.760894775,50496042959
4.751693726,-3.997558594,11.17196655,50496333618
1.80241394,-5.237731934,10.83395386,50496608365
1.942855835,-4.226074219,10.1555481,50496892428
1.635787964,-3.433410645,6.439788818,50497185965
1.197799683,-4.606933594,7.496673584,50497476083
1.43107605,-3.523864746,8.355987549,50497760427
1.611984253,-3.326293945,7.203887939,50498035771
2.288009644,-2.585998535,7.072967529,50498322993
5.346786499,-4.016601563,7.418121338,50498613734
-2.251358032,-5.442443848,9.753265381,50498898143
0.3884735107,-5.763793945,10.47213745,50499179750
4.680282593,-4.883056641,7.520477295,50499462879
3.39012146,-4.547424316,5.654266357,50499771071
1.821456909,-3.935668945,6.125579834,50500041571
0.9907073975,-4.666442871,7.141998291,50500328845
2.787887573,-4.002319336,9.151031494,50500610041
1.171615601,-5.782836914,7.332427979,50500890908
2.176132202,-4.247497559,5.249603271,50501177723
0.2694549561,-4.492675781,7.584747314,50501480171
0.9978485107,-4.561706543,8.513092041,50501773445
1.850021362,-5.087768555,6.411224365,50502020929
2.775985718,-4.192749023,7.218170166,50502409240
1.697677612,-4.823547363,7.453826904,50502623652
1.907150269,-6.299377441,8.048919678,50502883686
0.978805542,-6.268432617,10.76254272,50503169536
-0.6588897705,-5.739990234,7.996551514,50503466075
0.2599334717,-5.518615723,6.361236572,50503747800
2.971176147,-7.7109375,8.732086182,50504033260
0.6288909912,-4.70690918,7.482391357,50504326169
0.5836639404,-5.068725586,9.331939697,50504617034
0.6027069092,-6.925415039,9.929412842,50504895848
2.342758179,-6.194641113,10.77444458,50505175442
1.647689819,-5.682861328,7.687103271,50505459902
-2.099014282,-6.435058594,6.2684021,50505755722
4.120895386,-1.18157959,4.402191162,50506041014
4.035202026,-1.890930176,5.763763428,50506327536
-1.308731079,-8.139404297,16.69442749,50506602190
-0.8826446533,-5.416259766,7.365753174,50506886629
-0.07093811035,-5.828063965,5.46383667,50507186249
-0.366104126,-2.750244141,10.4602356,50507471469
1.835739136,-2.44317627,4.392669678,50507754433
-0.392288208,-6.256530762,5.697113037,50508032950
0.1218719482,-6.38269043,5.540008545,50508319485
1.623886108,-4.549804688,8.405975342,50508679335
-0.1923370361,-3.385803223,9.372406006,50508900724
0.4051361084,-3.897583008,6.951568604,50509183133
0.1432952881,-4.897338867,7.3800354,50509458123
0.114730835,-5.392456055,9.134368896,50509755284
1.462020874,-5.359130859,7.09677124,50510040588
0.9097747803,-5.716186523,7.72756958,50510325850
-0.1804351807,-5.080627441,8.308380127,50510621440
1.209701538,-6.204162598,10.09603882,50510882402
0.5122528076,-5.892333984,7.506195068,50511172276
-0.4351348877,-5.792358398,5.061553955,50511500543
-0.07331848145,-5.647155762,6.673065186,50511757856
0.9097747803,-5.792358398,8.265533447,50512041531
0.8455047607,-6.330322266,8.48928833,50512355028
0.6645965576,-7.282470703,6.061309814,50512602903
0.2194671631,-6.532653809,1.745697021,50512904288
-1.894302368,-6.832580566,6.218414307,50513185894
-1.220657349,-8.465515137,8.091766357,50513477174
2.337997437,-7.463378906,4.728302002,50513757224
-1.168289185,-8.670227051,5.082977295,50514043337
-0.2970733643,-10.12225342,7.891815186,50514322939
0.6193695068,-9.115356445,5.561431885,50514615082
0.1052093506,-9.186767578,5.689971924,50514902523
-3.010696411,-10.99822998,6.989654541,50515186402
-2.096633911,-11.08392334,6.144622803,50515476095
-2.065689087,-11.17437744,4.121307373,50515801138
-3.555801392,-12.55023193,0.6221618652,50516058790
-3.446304321,-14.59259033,3.533355713,50516333037
-1.596755981,-12.45977783,6.261260986,50516616594
-2.905960083,-10.87921143,4.428375244,50516916126
-3.415359497,-9.817565918,1.650482178,50517186532
-4.950698853,-10.30078125,-0.6132507324,50517471205
-4.448440552,-9.527160645,-3.281646729,50517756262
-3.296340942,-9.505737305,-3.036468506,50518042993
-1.468215942,-8.682128906,-0.3418884277,50518330002
-1.401565552,-6.273193359,0.3246154785,50518609982
-3.232070923,-6.86114502,-0.9774475098,50518898340
-4.853103638,-7.801391602,0.7268981934,50519193973
-3.536758423,-6.546936035,-0.6679992676,50519472562
-3.396316528,-4.53314209,-4.117156982,50519757963
-2.432266235,-4.009460449,-3.510162354,50520032200
-2.85597229,-5.302001953,-2.062896729,50520322449
-3.565322876,-7.020629883,-0.7417907715,50520596957
-2.560806274,-6.346984863,0.8911437988,50520884183
-3.605789185,-5.509094238,-1.774871826,50521163509
-3.248733521,-5.07824707,-3.82913208,50521448046
-3.382034302,-5.540039063,-4.157623291,50521763971
-3.07258606,-6.620727539,-4.626556396,50522025828
-2.525100708,-7.249145508,-4.357574463,50522370720
-1.139724731,-6.237487793,-3.205474854,50522680361
-2.55128479,-5.482910156,1.912322998,50523228888
-2.825027466,-6.373168945,-0.1824035645,50523438218
-4.160415649,-8.453613281,-3.203094482,50523652844
-3.020217896,-8.03704834,-3.569671631,50523896994
-5.410110474,-10.22698975,-2.534210205,50524111010
-2.953567505,-7.825195313,-4.148101807,50524327299
-2.606033325,-6.787353516,-4.340911865,50524580374
-3.482009888,-8.356018066,-1.1512146,50524866576
-5.493423462,-10.61975098,-1.881988525,50525150711
-4.460342407,-11.09106445,-2.28427124,50525437896
-5.229202271,-11.28625488,-2.303314209,50525716344
-4.610305786,-10.47216797,-3.08883667,50526032388
-4.036636353,-9.858032227,-2.50088501,50526314979
-4.581741333,-10.14605713,-0.4561462402,50526719035
-4.667434692,-10.63879395,1.500518799,50526893667
-5.034011841,-10.73400879,0.4817199707,50527173175
-4.141372681,-10.71734619,0.8768615723,50527465148
-3.560562134,-10.81970215,1.260101318,50527734565
-3.862869263,-10.42932129,1.931365967,50528004998
-3.360610962,-9.184387207,2.814483643,50528305237
-1.870498657,-7.777587891,5.0496521,50528585726
-2.165664673,-7.656188965,3.878509521,50528901307
-2.28944397,-8.38458252,2.631195068,50529186131
-3.317764282,-10.41503906,2.89541626,50529456760
-4.060440063,-10.05322266,0.9173278809,50529768837
-2.546524048,-8.07989502,0.9339904785,50530156727
-1.175430298,-6.858764648,3.478607178,50530377029
-1.1587677,-6.51361084,5.161529541,50530615513
-0.7183990479,-7.532409668,5.142486572,50530899881
0.04093933105,-7.791870117,5.304351807,50531222955
-0.8064727783,-7.84185791,4.54977417,50531501351
-1.713394165,-7.011108398,3.96182251,50531752285
-1.606277466,-6.854003906,3.583343506,50532049016
-0.6398468018,-7.334838867,5.409088135,50532332455
-0.4613189697,-8.18939209,7.215789795,50532612954
-0.823135376,-7.73236084,6.346954346,50532893250
-0.1709136963,-7.413391113,6.706390381,50533179802
0.1242523193,-7.268188477,6.423126221,50533493968
-0.3494415283,-8.056091309,4.516448975,50533751849
-0.8921661377,-9.586669922,6.734954834,50534038819
-1.046890259,-8.970153809,6.33505249,50534327479
-0.04713439941,-7.27532959,5.097259521,50534610589
-0.3803863525,-6.608825684,4.847320557,50534911258
-0.4470367432,-6.81829834,4.880645752,50535175745
-0.5493927002,-7.846618652,5.394805908,50535464123
-1.025466919,-7.801391602,4.604522705,50535749686
0.0242767334,-6.896850586,5.492401123,50536041553
-0.2042388916,-6.699279785,7.22769165,50536338814
-1.849075317,-7.415771484,5.954193115,50536608673
-1.699111938,-7.672851563,5.763763428,50536897757
0.7621917725,-7.261047363,5.104400635,50537341650
1.143051147,-8.827331543,7.144378662,50537521615
-1.33253479,-7.97277832,6.977752686,50537768002
-0.7683868408,-6.40411377,4.844940186,50538037133
0.8645477295,-7.23248291,5.632843018,50538346048
1.559616089,-8.589294434,7.722808838,50538617813
-1.253982544,-8.213195801,6.958709717,50538898024
1.297775269,-5.797119141,6.106536865,50539195277
0.9335784912,-7.096801758,4.983001709,50539466212
0.5312957764,-6.863525391,4.518829346,50539752481
-0.2637481689,-10.81494141,6.415985107,50540037111
-1.242080688,-6.701660156,6.815887451,50540323809
0.9954681396,-6.394592285,6.00894165,50540624902
1.212081909,-6.423156738,4.947296143,50540898087
0.7431488037,-7.142028809,5.221038818,50541180145
1.673873901,-8.446472168,6.584991455,50541465255
0.4884490967,-8.465515137,5.925628662,50541751473
0.4479827881,-5.635253906,5.675689697,50542052222
0.8954925537,-5.302001953,5.154388428,50542322636
0.08854675293,-6.851623535,4.3331604,50542607381
0.2480316162,-6.506469727,5.33291626,50542889081
-0.5017852783,-9.279602051,5.232940674,50543183037
1.421554565,-6.206542969,5.57333374,50543476262
1.385848999,-5.585266113,4.999664307,50543756822
1.842880249,-6.487426758,4.116546631,50544034366
2.311813354,-10.53881836,5.316253662,50544533833
1.588180542,-9.167724609,4.430755615,50544700240
0.167098999,-8.610717773,4.518829346,50544913799
0.3741912842,-7.989440918,3.438140869,50545176674
-0.9897613525,-10.00085449,7.844207764,50545463640
-1.889541626,-9.29864502,4.87588501,50545756824
-2.084732056,-10.73876953,-1.479705811,50546023969
-0.1613922119,-12.58831787,5.925628662,50546315863
-0.6065216064,-10.35314941,5.470977783,50546605984
-1.856216431,-8.860656738,-3.702972412,50546890050
-3.179702759,-8.68927002,-2.924591064,50547178193
0.1480560303,-6.370788574,2.057525635,50547454351
1.531051636,-4.257019043,6.665924072,50547743301
-1.065933228,-6.932556152,4.276031494,50548036322
-1.149246216,-8.874938965,-2.15335083,50548319919
-1.199234009,-9.639038086,-6.942657471,50548602426
-0.02333068848,-10.5602417,-2.584197998,50548890498
0.5527191162,-10.54119873,-0.1252746582,50549174785
2.490341187,-10.47216797,-0.4299621582,50549459538
1.869064331,-11.14343262,4.595001221,50549745863
1.478683472,-9.619995117,0.362701416,50550029896
0.4836883545,-9.646179199,-2.3699646,50550315207
0.3813323975,-10.83398438,1.729034424,50550611150
-1.772903442,-13.82373047,4.404571533,50550886523
-4.731704712,-16.98010254,-0.7394104004,50551161160
-6.148025513,-16.59686279,3.228668213,50551461013
-7.550064087,-17.41333008,4.221282959,50551861203
-5.795730591,-19.46044922,4.221282959,50552078858
-4.255630493,-19.46044922,1.543365479,50552315503
-2.118057251,-14.23077393,-0.627532959,50552741228
-2.053787231,-6.504089355,-5.097869873,50552981450
-5.936172485,-3.33581543,-14.35275269,50553196403
-2.470352173,-1.993286133,-5.764373779,50553452084
0.7955169678,-0.4674682617,0.5198059082,50553739154
0.674118042,-0.3198852539,3.895172119,50554031399
1.271591187,0.5013427734,2.059906006,50554313610
3.67338562,1.177368164,1.169647217,50554606478
4.254196167,2.003356934,-0.8251037598,50554881557
3.866195679,2.293762207,-2.548492432,50555172087
5.113510132,2.162841797,-10.61080933,50555485574
5.199203491,1.310668945,-12.09616089,50555744200
5.63243103,-0.5364990234,-11.87002563,50556027627
8.11277771,-0.6436157227,-8.301849365,50556281539
7.355819702,-0.2556152344,-12.14852905,50556564301
4.516036987,-3.959472656,-17.27346802,50556839478
5.751449585,-8.591674805,-19.68418884,50557136420
-10.88972473,-19.46044922,-19.68418884,50557424508
-17.93562317,-19.46044922,-19.68418884,50557706203
-19.3162384,-19.46044922,-19.68418884,50557993171
-19.3162384,-19.46044922,-19.68418884,50558271220
-19.3162384,-19.46044922,-19.68418884,50558566205
-17.41670227,-19.46044922,-19.68418884,50558850284
2.509384155,-19.46044922,-19.68418884,50559133275
10.14323425,-19.46044922,-14.07424927,50559420394
19.6831665,-16.59448242,-4.162384033,50559701878
19.6831665,-6.366027832,-6.526092529,50559994249
19.6831665,-8.501220703,2.997772217,50560289384
19.6831665,-13.34051514,19.31521606,50560565412
19.6831665,2.141418457,14.6020813,50560849109
19.6831665,10.97497559,1.74331665,50561134305
19.6831665,14.19561768,5.466217041,50561420896
19.6831665,14.30987549,8.539276123,50561706354
15.01823425,13.46960449,2.3074646,50561992548
12.86875916,14.300354,-8.139984131,50562279142
5.189682007,7.818603516,-19.68418884,50562557718
5.76335144,0.2633056641,-14.15280151,50562848189
3.309188843,-5.735229492,-12.6055603,50563133299
-1.427749634,-8.344116211,-9.308746338,50563418422
-1.077835083,-7.610961914,-14.0552063,50563704537
-4.724563599,-6.442199707,-18.90878296,50563984079
-3.581985474,-5.737609863,-13.55056763,50564286169
-4.650772095,-8.289367676,-7.661529541,50564564011
-6.828811646,-7.125366211,-11.03927612,50564868858
-6.55506897,-2.77166748,-9.83480835,50565134275
-6.048049927,-1.276794434,-8.342315674,50565417616
-7.190628052,-1.619567871,-5.266876221,50565708695
-7.64289856,-1.391052246,-6.090484619,50565993973
-6.793106079,-1.088745117,-4.728912354,50566282175
-5.343460083,-0.1723022461,-7.642486572,50566562292
-3.989028931,-0.4579467773,-5.364471436,50566848321
-4.929275513,-2.685974121,-2.905548096,50567132544
-6.959732056,-4.561706543,-2.322357178,50567417068
-5.469619751,-3.435791016,-2.360443115,50567706255
-4.077102661,-2.90020752,0.5507507324,50567988535
-3.691482544,-2.962097168,1.519561768,50568299248
-6.733596802,-5.723327637,-2.722259521,50568563406
-8.983047485,-6.011352539,-6.916473389,50568847549
-6.997817993,-5.271057129,-1.931976318,50569131116
-3.641494751,-4.566467285,5.251983643,50569417192
-2.891677856,-4.668823242,5.523345947,50569705701
-5.219680786,-7.472900391,0.7221374512,50569988000
-8.540298462,-8.527404785,-4.031463623,50570274143
-7.171585083,-8.175109863,-4.114776611,50570559205
-4.124710083,-7.839477539,2.897796631,50570846434
-2.955947876,-8.336975098,6.180328369,50571126578
-4.626968384,-10.18652344,3.019195557,50571430763
-5.61958313,-9.736633301,-1.08694458,50571692690
-5.790969849,-7.411010742,-6.297576904,50571977387
-1.365859985,-6.185119629,-2.712738037,50572269693
-1.858596802,-8.670227051,3.162017822,50572548101
-1.777664185,-9.241516113,2.109893799,50572839733
-2.763137817,-7.960876465,-11.43203735,50573225769
-2.415603638,-7.898986816,-18.47079468,50573411629
-3.393936157,-10.55548096,-11.27493286,50573692163
-2.517959595,-12.50500488,-10.42514038,50573980114
-9.737625122,-12.13604736,-19.68418884,50574261129
-16.14082336,-10.71734619,-19.68418884,50574546048
-19.3162384,-15.10198975,-19.68418884,50574831643
-19.3162384,-19.46044922,-19.646698,50575137353
-19.3162384,-19.46044922,-4.288543701,50575403630
-19.3162384,-19.46044922,-19.68418884,50575688675
-19.3162384,-19.46044922,-19.68418884,50575975182
-11.77998352,-19.46044922,-2.636566162,50576263044
-2.351333618,-19.46044922,2.959686279,50576548196
6.377487183,-19.46044922,-3.305450439,50576831479
19.6831665,-1.717163086,-15.60244751,50577116460
19.6831665,-0.2008666992,-13.42202759,50577406695
19.6831665,-19.46044922,-4.238555908,50577686829
19.6831665,-19.46044922,2.988250732,50577970834
19.6831665,-7.963256836,2.450286865,50578261576
19.6831665,8.182800293,8.253631592,50578545220
19.6831665,18.04943848,9.431915283,50578831473
18.31028748,17.22583008,15.69467163,50579115500
17.46763611,18.53503418,-0.8536682129,50579401423
13.85423279,14.11230469,-12.95785522,50579690432
10.22416687,8.646972656,-10.34896851,50580019626
5.872848511,9.89666748,-11.4367981,50580260231
3.361557007,4.919311523,-14.45510864,50580544277
4.466049194,-1.683837891,-14.53842163,50580832324
4.34703064,-7.701416016,-12.21994019,50581132487
1.890487671,-8.465515137,-15.39297485,50581408460
-2.348953247,-5.332946777,-14.46939087,50581688329
-1.50630188,-3.583374023,-8.401824951,50581976349
-1.268264771,-5.035400391,-9.977630615,50582261407
-3.31300354,-4.071350098,-12.83407593,50582549876
-3.891433716,-0.8483276367,-12.38656616,50582847685
-5.364883423,-1.20300293,-8.294708252,50583116629
-5.136367798,-4.154663086,0.972076416,50583401407
-5.998062134,-4.002319336,2.13369751,50583691301
-7.581008911,-1.164916992,-8.328033447,50583973293
-7.390579224,0.3228149414,-11.21066284,50584267274
-4.538894653,-0.8745117188,-6.290435791,50584544317
-2.817886353,-2.816894531,0.6459655762,50584828325
-3.044021606,-2.700256348,3.485748291,50585114355
-2.665542603,-3.269165039,-0.908416748,50585401606
-2.886917114,-4.906860352,-4.928863525,50585686101
-2.608413696,-7.261047363,-5.162139893,50585970409
0.1599578857,-7.351501465,2.804962158,50586276472
-2.025222778,-8.053710938,4.24508667,50586541851
-5.164932251,-8.903503418,-1.746307373,50586827509
-8.994949341,-10.20556641,-5.197845459,50587114502
-8.723587036,-10.33886719,0.8363952637,50587405585
-8.659317017,-10.34124756,3.59286499,50587686312
-10.31843567,-11.77423096,1.062530518,50587971499
-10.46839905,-12.59783936,-3.760101318,50588256891
-9.482925415,-13.57617188,-1.048858643,50588546224
-8.199905396,-13.35479736,3.580963135,50588828175
-5.702896118,-11.13153076,3.597625732,50589114061
-5.667190552,-8.575012207,-2.450897217,50589398589
-6.971633911,-9.14630127,-8.063812256,50589684365
-5.360122681,-9.093933105,-0.7989196777,50589970209
-2.722671509,-8.622619629,2.945404053,50590264440
-1.522964478,-9.584289551,2.719268799,50590540379
0.5931854248,-9.315307617,0.9054260254,50590828238
0.4003753662,-7.311035156,-8.166168213,50591112011
1.23588562,-6.113708496,-14.92880249,50591395711
0.4789276123,-6.016113281,-11.44393921,50591681406
-1.825271606,-3.561950684,-10.5798645,50591969568
-5.174453735,0.9155273438,-18.9302063,50592255537
-11.26582336,5.604858398,-19.68418884,50592538105
-17.48097229,8.599365234,-19.68418884,50592823929
-19.3162384,5.892883301,-19.68418884,50593110444
-19.3162384,-1.519592285,-12.18899536,50593395262
-19.3162384,-0.703125,7.151519775,50593680726
-19.3162384,-19.17242432,-11.73434448,50595506834
-19.3162384,-19.46044922,-19.68418884,50595687732
-10.88496399,-19.46044922,-19.68418884,50595929516
-2.258499146,-19.46044922,-19.68418884,50596161462
7.953292847,-19.46044922,-19.68418884,50596361135
19.6831665,-12.35980225,-17.25204468,50596592875
19.6831665,-10.80303955,-11.82717896,50596808094
19.6831665,-11.10296631,-6.24520874,50597026945
19.6831665,-8.889221191,1.226776123,50597271283
19.6831665,-1.37677002,6.389801025,50597473655
19.6831665,9.48248291,-4.814605713,50597717659
19.6831665,11.0559082,-2.679412842,50597932883
19.6831665,9.775268555,8.14175415,50598147895
19.6831665,11.50579834,-6.359466553,50598390651
16.59165955,11.0892334,-13.84811401,50598606274
9.564804077,3.122131348,-18.63504028,50598824062
3.313949585,7.078308105,-19.68418884,50599064475
7.353439331,14.43127441,-19.68418884,50599284185
6.63218689,8.680297852,-10.36325073,50600703848
4.858810425,-1.933776855,-8.706512451,50600854669
-2.698867798,-8.632141113,-19.45150757,50601070045
-2.717910767,-6.846862793,-19.68418884,50601290612
1.304916382,-4.028503418,-10.86550903,50601528866
0.5241546631,-5.678100586,-6.333282471,50601743548
-2.025222778,-7.84185791,-3.776763916,50601964308
-8.237991333,-10.07702637,-13.11972046,50602173574
-5.686233521,-4.975891113,-6.009552002,50602420032
-4.115188599,-0.9102172852,-1.858184814,50602632107
-6.224197388,-0.1723022461,-1.482086182,50602847025
-4.377029419,0.7631835938,-1.410675049,50603974514
-8.176101685,-1.57434082,-7.987640381,50604195018
-3.57484436,-0.5055541992,-3.441131592,50604410819
-0.1947174072,-0.6912231445,3.65713501,50604654828
-0.1494903564,-0.9221191406,6.849212646,50604868881
-3.672439575,-2.257507324,-1.708221436,50605097235
-3.765274048,-5.628112793,-7.973358154,50605313018
-3.539138794,-8.21081543,1.093475342,50605556945
-5.386306763,-9.929443359,1.731414795,50605771519
-6.745498657,-9.888977051,-4.281402588,50605986869
-9.989944458,-11.37908936,-10.38705444,50606203178
-9.342483521,-10.30316162,-8.28994751,50606444006
-7.359634399,-11.74090576,-0.2252502441,50606660015
-6.904983521,-12.90966797,-1.84866333,50606889273
-9.568618774,-13.99511719,-9.353973389,50607118424
-9.735244751,-12.82873535,-9.480133057,50607335079
-7.521499634,-10.97680664,-2.43661499,50607551825
-5.419631958,-9.101074219,3.780914307,50607772617
-3.92237854,-7.127746582,2.514556885,50608018228
-2.194229126,-5.478149414,-0.9393615723,50608232932
-0.4089508057,-5.199645996,-4.012420654,50608447184
3.204452515,-4.785461426,-4.274261475,50608661931
2.718856812,-5.816162109,-2.748443604,50608904831
2.75932312,-5.487670898,-5.528717041,50609120463
2.640304565,-6.963500977,-11.20352173,50609337488
1.657211304,-8.306030273,-11.5843811,50609578857
-2.432266235,-9.251037598,-14.61935425,50609793272
-10.57551575,-8.677368164,-19.68418884,50610009395
-19.3162384,-8.915405273,-19.68418884,50610252306
-19.3162384,-16.26361084,-19.68418884,50610529604
-19.3162384,-19.46044922,-19.68418884,50610814778
-19.3162384,-19.46044922,-19.68418884,50611100960
-19.3162384,-19.46044922,-19.68418884,50611388267
-12.79164124,-19.46044922,-6.554656982,50611684056
-4.127090454,-19.46044922,-19.68418884,50611955537
1.666732788,-19.46044922,-8.325653076,50612241282
18.61973572,-19.46044922,-1.862945557,50612528976
19.6831665,-4.894958496,-3.988616943,50612813621
19.6831665,-9.396240234,7.694244385,50613099762
19.6831665,-19.46044922,12.47640991,50613385387
19.6831665,-14.14031982,13.72372437,50613677243
19.6831665,-2.186096191,-0.3442687988,50613955612
19.6831665,4.271850586,10.59829712,50614243529
19.6831665,7.963806152,3.585723877,50614528174
19.6831665,14.63360596,4.023712158,50614815643
15.51811218,13.74334717,-9.582489014,50615100047
12.21653748,11.08685303,-15.47390747,50615385432
7.710494995,8.239929199,-11.47250366,50615670140
5.620529175,6.711730957,-6.947418213,50615958675
4.715988159,3.948120117,-11.26541138,50616256049
3.532943726,0.8631591797,-11.31539917,50616561487
3.656723022,-1.07208252,-15.87619019,50616820044
0.5931854248,-3.59765625,-15.94284058,50617104103
-1.975234985,-3.75,-11.46298218,50617381678
-0.3542022705,-2.564575195,-5.67868042,50617661048
-0.4732208252,-3.833312988,-6.966461182,50617947262
-1.844314575,-3.326293945,-7.682952881,50618242975
-3.00831604,-1.467224121,-10.00143433,50618528515
-2.358474731,-0.8530883789,-8.601776123,50618824294
-1.815750122,-3.440551758,-4.345672607,50619116023
-4.943557739,-5.787597656,-3.034088135,50619375111
-6.797866821,-5.125854492,-8.166168213,50619671674
-5.100662231,-3.897583008,-7.014068604,50619956767
-3.61769104,-3.842834473,-4.74319458,50620243842
-1.70149231,-4.954467773,-0.196685791,50620518865
-3.33442688,-8.158447266,0.1556091309,50620803785
-3.110671997,-6.987304688,-3.560150146,50621098935
-0.6636505127,-4.806884766,-3.134063721,50621383808
0.8169403076,-5.528137207,-0.4061584473,50621664255
1.012130737,-8.436950684,1.795684814,50621948406
-4.188980103,-9.693786621,-0.5965881348,50622230703
-7.347732544,-10.35791016,-4.567047119,50622527024
-8.423660278,-12.73828125,-1.517791748,50622812038
-9.366287231,-14.54974365,1.650482178,50623126982
-11.54194641,-15.25909424,-0.6632385254,50623374992
-11.64430237,-15.2210083,-5.402557373,50623659751
-9.223464966,-15.38287354,-3.779144287,50623957908
-7.03352356,-15.12341309,-2.165252686,50624245557
-5.917129517,-12.90252686,-2.717498779,50624524796
-6.036148071,-10.39123535,-1.889129639,50624801877
-3.648635864,-7.47052002,-1.194061279,50625086966
-0.9945220947,-5.066345215,-3.319732666,50625384981
1.21446228,-3.671447754,-7.466339111,50625668220
2.992599487,-3.799987793,-11.48678589,50625953245
4.404159546,-6.646911621,-12.59127808,50626229517
1.609603882,-10.31982422,-12.41751099,50626513831
-0.366104126,-9.858032227,-14.41940308,50626810976
-5.92427063,-9.88659668,-19.68418884,50627095281
-14.17463684,-10.10797119,-19.68418884,50627381101
-19.3162384,-15.27337646,-19.68418884,50627657598
-19.3162384,-19.46044922,-19.68418884,50627945869
-19.3162384,-19.46044922,-19.68418884,50628237777
-19.3162384,-19.46044922,-19.68418884,50628525774
-10.66596985,-19.46044922,-11.97000122,50628809261
0.9430999756,-19.46044922,-5.6144104,50629083466
14.25175476,-19.46044922,0.6269226074,50629380335
18.36503601,-19.46044922,0.160369873,50629664363
19.6831665,-19.46044922,-3.726776123,50629949450
19.6831665,-19.46044922,2.878753662,50630262812
19.6831665,-19.06292725,8.448822021,50630512202
19.6831665,-5.025878906,6.380279541,50630799609
19.6831665,4.843139648,1.838531494,50631098188
19.6831665,8.377990723,7.187225342,50631384159
19.6831665,9.870483398,1.391021729,50631666116
18.64830017,11.17492676,-2.353302002,50631943035
15.92753601,10.73693848,-4.012420654,50632230484
12.4617157,9.306335449,-12.66268921,50632512368
10.13847351,7.128295898,-16.55697632,50632805292
9.936141968,7.333007813,-5.652496338,50633092372
7.205856323,7.559143066,-2.405670166,50633366018
6.736923218,3.324462891,-9.565826416,50633652128
4.670761108,-2.393188477,-12.37466431,50633939299
2.321334839,-6.823059082,-19.68418884,50634232953
4.361312866,-7.480041504,-13.12210083,50634518875
0.9335784912,-6.001831055,-9.306365967,50634794156
0.7836151123,-3.073974609,-7.504425049,50635079639
-2.382278442,-5.766174316,-6.735565186,50635365211
-6.343215942,-9.224853516,-12.80075073,50635664309
-4.64125061,-7.270568848,-11.2059021,50635966589
-4.584121704,-5.649536133,-11.36538696,50636256481
-3.151138306,-5.77331543,-4.352813721,50636520223
-3.767654419,-7.206298828,3.2215271,50636802382
-6.759780884,-6.863525391,1.000640869,50637088934
-6.364639282,-4.585510254,-5.207366943,50637373578
-4.403213501,-2.671691895,-1.770111084,50637664557
-1.534866333,-1.045898438,2.266998291,50637945774
-1.651504517,-1.07208252,3.866607666,50638241612
-0.7755279541,-2.845458984,4.606903076,50638516060
-4.526992798,-5.356750488,-1.032196045,50638806915
-1.149246216,-5.440063477,-0.008636474609,50639088457
-3.63911438,-8.206054688,8.017974854,50639372934
-4.174697876,-8.815429688,8.441680908,50639672788
-7.088272095,-10.04370117,1.629058838,50639945060
-10.23036194,-11.16723633,-4.214752197,50640228911
-9.51625061,-10.90063477,4.314117432,50640525997
-8.764053345,-10.26269531,7.665679932,50640799758
-7.669082642,-10.07940674,5.035369873,50641110381
-6.09803772,-11.19818115,4.09274292,50641376132
-6.383682251,-10.68640137,-2.058135986,50641657893
-5.331558228,-8.113220215,-3.269744873,50641941557
-2.367996216,-6.332702637,-1.103607178,50642229159
-1.953811646,-6.106567383,-2.186676025,50642515265
-0.594619751,-6.518371582,-5.371612549,50642800842
-1.927627563,-8.570251465,-11.96286011,50643086460
0.293258667,-10.22698975,-12.04379272,50643372387
-2.710769653,-12.82635498,-12.64364624,50643657516
-7.581008911,-13.19055176,-19.68418884,50643943850
-15.52192688,-14.90441895,-19.68418884,50644228555
-19.3162384,-14.35693359,-19.68418884,50644516138
-19.3162384,-19.46044922,-19.68418884,50644799072
-19.3162384,-19.46044922,-19.68418884,50645084127
-19.3162384,-19.46044922,-19.68418884,50645373230
-16.90492249,-19.46044922,-19.68418884,50645659913
-6.452713013,-19.46044922,-12.22232056,50646004076
2.159469604,-19.46044922,-10.00857544,50646224627
12.13084412,-19.46044922,-1.508270264,50646511384
19.6831665,-19.46044922,-13.30062866,50646796810
19.6831665,-19.46044922,-17.9828186,50647081143
19.6831665,-19.46044922,11.63851929,50647470378
19.6831665,-19.46044922,5.480499268,50647652979
19.6831665,4.833618164,-3.345916748,50647941383
19.6831665,9.442016602,2.969207764,50648225361
19.6831665,9.970458984,18.44876099,50648509797
19.6831665,18.00183105,10.84347534,50648799543
19.6831665,19.53895569,-4.117156982,50649080994
17.58427429,14.89782715,-7.956695557,50649371556
12.36412048,6.67364502,-13.60055542,50649653672
10.01231384,5.864318848,-6.364227295,50649939522
11.19535828,7.994750977,-9.853851318,50650223698
9.319625854,5.976196289,-13.09115601,50650508106
6.451278687,0.4370727539,-15.68338013,50650794473
4.156600952,-3.38104248,-12.35562134,50651080854
4.111373901,-2.547912598,-5.821502686,50651372148
4.059005737,-3.192993164,-4.778900146,50651651580
1.338241577,-3.221557617,-9.577728271,50651936477
-0.3899078369,-2.03137207,-15.28109741,50652255268
1.195419312,-3.492919922,-8.716033936,50652508175
1.090682983,-6.454101563,2.781158447,50652795229
-2.870254517,-7.675231934,1.267242432,50653076738
-5.545791626,-7.27532959,-5.145477295,50653362050
-9.725723267,-6.834960938,-12.27706909,50653647094
-2.582229614,-5.347229004,-10.26803589,50653939622
-0.5303497314,-8.605957031,2.150360107,50654220047
-1.123062134,-10.31982422,7.16104126,50654507523
-4.046157837,-11.49334717,4.406951904,50654789816
-5.712417603,-9.567626953,-2.710357666,50655074802
-5.776687622,-6.585021973,-4.505157471,50655359466
-1.449172974,-6.680236816,2.695465088,50655646636
-2.149002075,-10.87921143,7.061065674,50655932387
-5.821914673,-14.2164917,3.297698975,50656217992
-8.664077759,-12.74542236,-2.724639893,50656502305
-5.848098755,-8.855895996,-0.8417663574,50656789026
-7.350112915,-10.66497803,1.269622803,50657073454
-8.497451782,-11.7956543,1.510040283,50657359937
-9.851882935,-12.90014648,-0.829864502,50657645692
-8.642654419,-10.99584961,0.9292297363,50657931624
-8.421279907,-10.93157959,5.44241333,50658216281
-8.490310669,-10.96014404,3.133453369,50658505866
-10.39222717,-11.24102783,-4.355194092,50658805615
-7.99281311,-10.15795898,-3.457794189,50659075202
-5.683853149,-9.384338379,4.211761475,50659357431
-4.712661743,-10.33172607,5.778045654,50659642777
-4.469863892,-10.62451172,1.376739502,50659933767
-5.238723755,-11.40765381,-3.926727295,50660214367
-5.038772583,-11.12915039,-5.554901123,50660499707
-8.773574829,-12.92156982,-6.459442139,50660785883
-12.6131134,-16.14221191,-12.92453003,50661077775
-15.20295715,-19.46044922,-19.08969116,50661355834
-19.3162384,-19.46044922,-19.68418884,50661659143
-19.3162384,-19.46044922,-19.68418884,50661927324
-19.3162384,-19.46044922,-12.37228394,50662214298
-19.3162384,-19.46044922,-16.07138062,50662528142
-18.07606506,-19.46044922,-1.205963135,50662783281
0.6836395264,-19.46044922,3.997528076,50663070156
13.2519989,-19.46044922,5.42098999,50663355064
19.6831665,-14.33551025,-8.720794678,50663645442
19.6831665,3.124511719,-19.68418884,50663923931
19.6831665,-16.76586914,-19.68418884,50664210061
19.6831665,-19.46044922,-6.664154053,50664495542
19.6831665,-19.46044922,0.438873291,50664780849
19.6831665,-5.911376953,8.608306885,50665066504
19.6831665,9.432495117,10.84347534,50665352248
19.6831665,11.62005615,17.02529907,50665637045
19.6831665,12.90545654,10.18173218,50665971182
18.08653259,12.77215576,-1.517791748,50666232428
17.72947693,14.65979004,-7.911468506,50666501392
12.60929871,13.64099121,-13.0506897,50666783233
11.09300232,6.547485352,-15.10733032,50667071340
9.450546265,1.205932617,-14.41226196,50667355686
7.322494507,-2.712158203,-14.28610229,50667639501
4.218490601,-6.047058105,-15.80953979,50667927982
2.859298706,-6.996826172,-12.93643188,50668211443
0.5336761475,-8.115600586,-12.12948608,50668496019
-1.499160767,-8.003723145,-13.13400269,50668783384
-0.6588897705,-8.182250977,-12.83169556,50669064298
0.1790008545,-8.998718262,-3.162628174,50669360149
-0.03999328613,-8.289367676,7.151519775,50669635641
-5.064956665,-6.977783203,3.281036377,50669923210
-8.680740356,-3.997558594,-5.702484131,50670207946
-5.538650513,-1.352966309,-2.903167725,50670493048
-4.089004517,-3.645263672,4.345062256,50670778439
-5.217300415,-6.504089355,9.891326904,50671064840
-8.592666626,-7.163452148,3.466705322,50671349903
-6.126602173,-5.206787109,0.336517334,50671635321
-3.958084106,-4.70690918,4.604522705,50671919888
-3.734329224,-5.451965332,9.836578369,50672206146
-7.40486145,-5.38293457,7.898956299,50672491190
-10.19703674,-4.247497559,1.048248291,50672783360
-11.36103821,-2.538391113,-2.020050049,50673064267
-7.761917114,-1.688598633,6.380279541,50673364687
-10.97779846,-3.585754395,11.63137817,50673633234
-14.12702942,-5.835205078,0.691192627,50673918640
-16.66688538,-6.247009277,-8.216156006,50674208703
-12.24415588,-6.42791748,2.014678955,50674489800
-9.592422485,-6.399353027,13.13339233,50674775886
-8.625991821,-4.661682129,12.09317017,50675060077
-9.75428772,-3.045410156,-0.4537658691,50675345682
-7.700027466,-1.700500488,-5.666778564,50675631275
-2.710769653,-2.909729004,4.48550415,50675917812
0.2599334717,-3.680969238,11.14816284,50676203417
2.590316772,-1.819519043,5.361480713,50676487430
3.025924683,-0.05804443359,-5.540618896,50676774885
3.501998901,1.06072998,-15.44058228,50677059501
5.201583862,-1.502929688,-17.58053589,50677345524
6.025192261,-4.961608887,-9.280181885,50677632256
2.097579956,-6.227966309,-19.68418884,50677916388
-7.49055481,2.686523438,-19.68418884,50678202588
-18.36170959,10.43701172,-19.68418884,50678486437
-19.3162384,-2.895446777,-19.68418884,50678774293
-19.3162384,-5.651916504,-19.68418884,50679058109
-19.3162384,-4.640258789,-19.68418884,50679349874
-19.3162384,-19.46044922,-19.68418884,50679630420
-14.5483551,-19.46044922,-15.0597229,50679913350
-6.259902954,-19.46044922,-19.68418884,50680200530
-0.7850494385,-19.46044922,-19.68418884,50680487748
19.6831665,-19.46044922,-19.68418884,50680769689
19.6831665,-19.07958984,-10.53225708,50681057086
19.6831665,-19.46044922,10.71969604,50681353460
19.6831665,-19.46044922,1.724273682,50681630672
19.6831665,-13.66424561,1.767120361,50681936508
19.6831665,0.4537353516,9.677093506,50682201287
19.6831665,4.276611328,6.518341064,50682486544
19.6831665,9.342041016,8.448822021,50682772100
19.6831665,19.53895569,-0.1514587402,50683057445
19.6831665,19.53895569,-8.851715088,50683344536
19.6831665,14.43841553,-12.73410034,50683630534
12.03800964,12.06756592,-15.28585815,50683913142
15.3848114,17.78997803,-12.32467651,50684199742
13.83995056,11.60577393,-9.734832764,50684509681
8.891159058,-2.307495117,-6.240447998,50684780986
0.419418335,-11.12200928,-19.18014526,50685093921
-0.3589630127,-8.367919922,-17.08779907,50685343607
-0.4494171143,-4.778320313,-7.732940674,50685625717
-3.493911743,-5.282958984,-4.900299072,50685909408
-5.193496704,-6.418395996,-9.668182373,50686196363
-6.652664185,-4.780700684,-13.63864136,50686480678
-5.057815552,-1.776672363,-15.69052124,50686765248
-4.57460022,-4.07611084,-2.948394775,50687054570
-7.173965454,-4.690246582,3.116790771,50687339833
-9.323440552,-2.274169922,-1.253570557,50687626532
-8.897354126,-0.2008666992,-7.647247314,50687923697
-9.128250122,-1.781433105,-10.8107605,50688195059
-7.202529907,-4.16418457,-3.086456299,50688481126
-2.556045532,-3.828552246,6.696868896,50688773492
-2.836929321,-3.295349121,8.360748291,50689050764
-5.667190552,-6.425537109,-3.374481201,50689334848
-5.817153931,-6.542175293,-0.1252746582,50689621023
-5.886184692,-7.061096191,1.50289917,50689921058
-6.019485474,-7.153930664,4.4402771,50690192716
-7.545303345,-4.464111328,2.507415771,50690478630
-10.23988342,-0.9387817383,-5.304962158,50690789819
-10.83021545,-0.9030761719,-5.735809326,50691052484
-14.457901,-6.585021973,0.5578918457,50691338542
-12.95588684,-7.489562988,3.878509521,50691620641
-12.4655304,-6.637390137,-1.310699463,50691906427
-9.185379028,-5.109191895,-4.257598877,50692195518
-10.26130676,-7.682373047,-0.6370544434,50692476982
-9.218704224,-7.879943848,3.238189697,50692761726
-7.521499634,-5.549560547,4.871124268,50693048750
-5.145889282,-2.207519531,5.11630249,50693333887
-1.427749634,0.3228149414,1.657623291,50693619231
-2.196609497,-1.100646973,-1.974822998,50693904270
-2.534622192,-2.50982666,-3.724395752,50694188732
0.05760192871,-1.314880371,-2.646087646,50694474837
2.718856812,-0.4127197266,-1.141693115,50694773524
4.451766968,-0.2484741211,-2.367584229,50695046098
1.219223022,-4.068969727,-12.78646851,50695357463
-5.498184204,-8.120361328,-19.68418884,50695616902
-4.465103149,-13.19769287,-19.68418884,50695905313
-8.456985474,-16.69683838,-19.68418884,50696188019
-19.3162384,-19.46044922,-19.68418884,50696474210
-19.3162384,-19.46044922,-19.68418884,50696766578
-19.3162384,-19.46044922,-19.68418884,50697045890
-19.3162384,-19.46044922,-19.68418884,50697329613
-19.3162384,-19.46044922,-19.68418884,50697615517
-10.13276672,-19.46044922,-13.67910767,50697898444
2.145187378,-19.46044922,-11.69863892,50698196503
11.00492859,-19.46044922,-14.33132935,50698471736
19.6831665,-15.62567139,-8.044769287,50698769237
19.6831665,-18.61065674,-15.55007935,50699041496
19.6831665,-19.46044922,4.168914795,50699328305
19.6831665,-19.46044922,7.437164307,50699612543
19.6831665,-5.949462891,3.488128662,50699900083
19.6831665,1.046447754,10.1555481,50700182250
19.6831665,9.239685059,14.11410522,50700469731
19.6831665,9.820495605,7.489532471,50700756078
19.6831665,11.02020264,-2.072418213,50701040353
14.56358337,8.596984863,-12.24136353,50701326046
14.39457703,13.51959229,-8.627960205,50701622053
10.81211853,12.62219238,-13.86239624,50701909119
11.20011902,8.72076416,-11.17019653,50702185856
9.600509644,2.703186035,-11.3130188,50702469500
5.034957886,-1.471984863,-17.91854858,50702754549
2.673629761,-0.6555175781,-18.78262329,50703043815
3.480575562,-0.6174316406,-14.80978394,50703326800
1.38822937,-3.676208496,-7.135467529,50703613350
-2.068069458,-6.151794434,-5.204986572,50703897658
-5.59815979,-7.358642578,-10.55368042,50704184569
-7.126358032,-5.649536133,-12.82217407,50704470574
-4.969741821,-3.35723877,-8.668426514,50704754448
-3.998550415,-4.285583496,-1.839141846,50705117491
-6.18611145,-5.835205078,5.340057373,50705333374
-7.616714478,-3.666687012,5.632843018,50705622246
-7.590530396,0.02288818359,-2.405670166,50705896898
-5.762405396,2.71270752,-3.126922607,50706182434
-3.777175903,0.5822753906,0.2294006348,50706467782
-3.560562134,-3.704772949,5.15914917,50706752566
-3.958084106,-5.178222656,6.818267822,50707037706
-6.248001099,-4.606933594,5.630462646,50707324242
-6.536026001,-2.833557129,-1.691558838,50707609095
-6.388442993,-3.933288574,-2.031951904,50707894021
-9.332962036,-8.134643555,1.288665771,50708179905
-11.16584778,-8.948730469,2.821624756,50708465597
-12.9178009,-8.303649902,5.468597412,50708749993
-12.04658508,-7.113464355,5.901824951,50709036931
-11.86329651,-7.815673828,6.063690186,50709324770
-12.82496643,-8.477416992,3.078704834,50709606563
-12.22035217,-8.465515137,-0.1252746582,50709892924
-9.425796509,-7.501464844,2.128936768,50710183067
-6.345596313,-6.55645752,4.783050537,50710466606
-5.512466431,-5.939941406,5.342437744,50710749859
-2.432266235,-4.083251953,5.282928467,50711036117
-1.215896606,-4.24987793,2.676422119,50711323062
-0.8874053955,-3.871398926,-5.333526611,50711605451
-0.2542266846,-2.635986328,-8.201873779,50711892792
2.630783081,-2.100402832,-5.94052124,50712176851
2.949752808,-4.226074219,-8.570831299,50712463203
-1.608657837,-8.434570313,-13.8742981,50712750817
-5.050674438,-12.75256348,-17.14730835,50713033970
-10.15180969,-11.98608398,-19.68418884,50713318610
-19.3162384,-9.01776123,-19.68418884,50713604825
-19.3162384,-19.46044922,-19.68418884,50713890500
-19.3162384,-19.46044922,-19.68418884,50714176859
-19.3162384,-19.46044922,-19.68418884,50714463490
-19.3162384,-19.46044922,-19.68418884,50714747234
-11.76808167,-19.46044922,-7.433013916,50715051400
0.1337738037,-19.46044922,13.29049683,50715316342
13.49241638,-19.46044922,3.647613525,50715626079
19.6831665,-11.36956787,-10.26089478,50715899203
19.6831665,-15.04724121,-12.05807495,50716178251
19.6831665,-9.772338867,-4.921722412,50716468969
19.6831665,-19.19622803,7.127716064,50716768043
19.6831665,-3.61907959,-10.24899292,50717025791
19.6831665,-2.907348633,-17.00448608,50717312503
19.6831665,-8.187011719,13.37142944,50717595008
19.6831665,-2.643127441,18.00601196,50717900334
19.6831665,5.005004883,3.388153076,50718175952
19.62901306,7.978088379,-5.26449585,50718451858
16.97727966,8.601745605,-7.266387939,50718735179
12.49980164,5.212097168,-6.845062256,50719020153
10.27177429,5.362060547,-6.345184326,50719318313
5.568161011,6.185668945,-9.403961182,50719602849
2.138046265,6.614135742,-16.62838745,50719880170
1.445358276,6.083312988,-19.68418884,50720163488
1.795272827,1.177368164,-19.68418884,50720448105
0.3789520264,-3.778564453,-13.18399048,50720755085
-0.1256866455,-4.628356934,-8.935028076,50721036343
-0.8374176025,-5.559082031,-7.775787354,50721306697
-3.427261353,-5.647155762,-6.249969482,50721589632
-6.288467407,-3.795227051,-6.659393311,50721877756
-5.990921021,-2.521728516,-10.34658813,50722194665
-6.40272522,-3.259643555,-11.01785278,50722464343
-6.745498657,-6.789733887,-6.740325928,50722746701
-6.607437134,-9.836608887,-3.619659424,50723031495
-5.462478638,-9.784240723,-0.6299133301,50723314371
-7.873794556,-9.441467285,0.260345459,50723614644
-7.964248657,-6.758789063,-4.962188721,50723887840
-6.20753479,-4.96875,-4.709869385,50724173128
-5.117324829,-6.694519043,-0.0895690918,50724458235
-4.369888306,-6.92779541,5.3543396,50724746540
-6.202774048,-5.347229004,6.50881958,50725060454
-7.697647095,-2.676452637,1.06729126,50725315958
-7.842849731,-1.188720703,-3.752960205,50725612524
-7.362014771,-3.012084961,-0.2062072754,50725884959
-8.806900024,-6.706420898,2.616912842,50726172357
-8.490310669,-7.853759766,4.254608154,50726458232
-8.38319397,-7.344360352,3.073944092,50726743550
-8.40461731,-7.432434082,0.4079284668,50727037134
-8.866409302,-9.003479004,-0.7465515137,50727313806
-8.273696899,-9.760437012,-0.3918762207,50727614327
-7.611953735,-9.762817383,0.8840026855,50727885013
-5.819534302,-8.070373535,1.748077393,50728170492
-5.805252075,-7.118225098,1.943267822,50728457746
-5.731460571,-6.770690918,1.06729126,50728741503
-6.988296509,-7.320556641,-0.144317627,50729026825
-6.88117981,-7.106323242,-0.6108703613,50729313902
-5.700515747,-6.018493652,-0.08242797852,50729598162
-4.160415649,-5.675720215,0.8863830566,50729883889
-4.05329895,-5.994689941,2.038482666,50730169939
-4.219924927,-6.468383789,1.112518311,50730460830
-4.44367981,-6.206542969,-0.5061340332,50730741056
-4.350845337,-5.428161621,-1.555877686,50731030615
-4.396072388,-5.318664551,-1.622528076,50731314120
-4.177078247,-5.8828125,-0.0110168457,50731601068
-5.579116821,-6.813537598,-0.4632873535,50731883725
-6.09803772,-7.62286377,-1.39163208,50732168123
-7.066848755,-8.296508789,-1.817718506,50732473316
-7.371536255,-9.024902344,-2.643707275,50732749002
-7.212051392,-9.991333008,-0.9417419434,50733094892
-6.983535767,-10.59832764,-0.3847351074,50733319563
-7.457229614,-10.6340332,-2.938873291,50733594945
-7.423904419,-10.09844971,-5.0050354,50733898762
-7.942825317,-9.508117676,-3.52444458,50734188701
-7.31678772,-8.846374512,-2.13192749,50734452424
