0.19090271,-6.168457031,2.931121826,52489724233
1.335861206,-7.653808594,5.435272217,52490004486
2.173751831,-8.14654541,5.059173584,52490292295
2.261825562,-8.260803223,3.964202881,52490685007
2.752182007,-8.198913574,3.014434814,52490863516
2.364181519,-8.934448242,4.421234131,52491147023
2.083297729,-9.972290039,6.915863037,52491425098
1.378707886,-10.24365234,9.043914795,52491720241
2.030929565,-9.291503906,7.725189209,52492039831
2.195175171,-7.903747559,6.206512451,52492293358
2.383224487,-6.92779541,4.704498291,52492618343
1.024032593,-6.20892334,4.387908936,52492881843
1.381088257,-5.516235352,3.899932861,52493146071
1.392990112,-5.604309082,3.507171631,52493488057
0.02903747559,-6.051818848,4.906829834,52493723963
-0.1780548096,-5.980407715,5.630462646,52493999792
-0.5041656494,-5.64239502,4.666412354,52494319866
0.1361541748,-5.411499023,4.24508667,52494573513
1.188278198,-5.516235352,2.890655518,52494855005
0.3003997803,-6.335083008,3.621429443,52495150296
-0.9659576416,-7.66809082,5.032989502,52495435025
-2.522720337,-8.694030762,6.068450928,52495711199
-2.120437622,-9.358154297,6.720672607,52496003254
-1.475357056,-9.096313477,6.849212646,52496275141
-1.539627075,-8.165588379,5.680450439,52496580121
-1.472976685,-7.518127441,5.273406982,52496863756
-1.78956604,-7.480041504,5.904205322,52497145659
-2.836929321,-7.49432373,6.449310303,52497430687
-2.953567505,-7.501464844,7.153900146,52497852389
-2.929763794,-7.146789551,7.218170166,52498013103
-2.55128479,-6.570739746,6.787322998,52498278545
-1.958572388,-6.156555176,6.515960693,52498576791
-2.106155396,-5.980407715,6.518341064,52498848562
-2.675064087,-5.690002441,6.544525146,52499151391
-2.70362854,-5.31628418,6.906341553,52499431747
-2.401321411,-4.928283691,6.796844482,52499715387
-2.044265747,-4.592651367,6.961090088,52500010665
-2.084732056,-4.442687988,6.992034912,52500289587
-2.087112427,-4.373657227,6.673065186,52500569402
-2.129959106,-4.180847168,7.049163818,52500861642
-1.780044556,-4.387939453,7.70614624,52501144696
-1.834793091,-4.883056641,8.415496826,52501436431
-2.032363892,-5.487670898,9.941314697,52501710156
-2.494155884,-5.551940918,9.99130249,52501996864
-2.603652954,-5.411499023,9.374786377,52502300902
-2.184707642,-5.083007813,8.482147217,52502593434
-1.668167114,-4.942565918,7.813262939,52502860009
-1.868118286,-5.049682617,7.787078857,52503155904
-2.215652466,-5.487670898,8.006072998,52503438314
-2.889297485,-6.028015137,8.715423584,52503726154
-3.941421509,-6.47076416,8.64163208,52504078888
-3.322525024,-6.777832031,7.967987061,52504292272
-3.11781311,-7.14440918,7.29196167,52504612640
-2.922622681,-7.334838867,6.615936279,52504853594
-3.298721313,-7.496704102,6.842071533,52505136971
-3.22492981,-7.725219727,6.934906006,52505414352
-3.239212036,-7.696655273,6.570709229,52505714412
-2.741714478,-7.432434082,5.794708252,52505987913
-2.034744263,-6.944458008,5.144866943,52506289738
-1.675308228,-6.937316895,4.097503662,52506739123
-1.146865845,-7.18963623,3.633331299,52506953221
-0.8540802002,-8.241760254,3.385772705,52507173215
-0.03047180176,-9.605712891,5.363861084,52507473599
0.4360809326,-10.25317383,5.578094482,52507743491
1.440597534,-11.20770264,5.44241333,52508020016
4.430343628,-13.27386475,6.651641846,52508280331
5.694320679,-16.35168457,6.861114502,52508559059
4.494613647,-19.46044922,10.15792847,52508854149
2.257064819,-19.46044922,13.23574829,52509227991
1.526290894,-19.46044922,12.22885132,52509420211
1.164474487,-16.30645752,6.820648193,52509714488
1.716720581,-13.08343506,2.583587646,52509985592
3.597213745,-11.66949463,1.824249268,52510312752
2.728378296,-10.51263428,2.685943604,52510599363
0.9645233154,-9.724731445,2.947784424,52510886407
0.3575286865,-8.608337402,3.307220459,52511153346
0.02903747559,-6.851623535,3.388153076,52511418216
-1.215896606,-4.595031738,3.61428833,52511744845
-1.501541138,-2.059936523,1.98135376,52511992216
-0.6136627197,0.5227661133,-0.2323913574,52512303372
0.6431732178,2.43182373,-1.974822998,52512614991
1.700057983,3.724365234,-2.677032471,52512856747
0.876449585,3.441101074,-3.443511963,52513125440
2.176132202,2.912658691,-1.946258545,52513424577
2.616500854,1.779602051,-2.389007568,52513709525
3.680526733,0.08715820313,-1.122650146,52513988291
5.913314819,-2.367004395,-3.629180908,52514272711
9.295822144,-5.037780762,-5.688201904,52514576455
11.62382507,-7.294372559,-5.131195068,52514843679
10.08610535,-9.089172363,-4.257598877,52515130447
9.067306519,-10.43408203,-3.526824951,52515414531
7.574813843,-10.67449951,-3.683929443,52515699858
6.096603394,-10.074646,-3.293548584,52515982443
4.516036987,-8.789245605,-2.681793213,52516274724
3.297286987,-7.768066406,-1.117889404,52516560086
2.457015991,-6.794494629,0.1222839355,52516843524
3.275863647,-5.911376953,-0.9679260254,52517132181
4.551742554,-5.961364746,-1.893890381,52517412874
5.932357788,-6.539794922,-1.998626709,52517699546
5.946640015,-7.38482666,-2.139068604,52517989879
6.974960327,-8.291748047,-1.472564697,52518276556
7.077316284,-8.53692627,-1.972442627,52518560617
6.7631073,-8.018005371,-1.986724854,52518838300
5.963302612,-6.730224609,-1.715362549,52519128313
4.796920776,-5.540039063,-3.255462646,52519424103
4.627914429,-4.104675293,-2.95791626,52519799207
3.594833374,-2.540771484,-2.372344971,52519973774
2.309432983,-0.8864135742,-1.579681396,52520276354
2.228500366,0.641784668,-1.460662842,52520561498
0.8193206787,2.067626953,-1.703460693,52520830125
-0.6731719971,3.298278809,-2.646087646,52521122251
-2.632217407,4.209960938,-2.717498779,52521464326
-5.269668579,4.226623535,-0.9298400879,52521717405
-6.831192017,4.074279785,0.09848022461,52521979318
-6.528884888,2.284240723,-0.6465759277,52522258331
-7.57862854,-0.703125,0.3246154785,52522549537
-9.228225708,-7.368164063,5.663787842,52522831837
-14.73402405,-15.26147461,13.88796997,52523136399
-15.19581604,-19.46044922,15.85177612,52523408867
-14.37696838,-19.46044922,19.31521606,52523683449
-10.17323303,-19.46044922,19.31521606,52523980743
-4.35798645,-19.46044922,13.39047241,52524266884
-3.634353638,-19.46044922,13.50473022,52524584626
-2.939285278,-19.46044922,18.01553345,52524832201
12.73545837,-19.46044922,19.31521606,52525109997
19.6831665,-19.46044922,19.31521606,52525410300
19.6831665,-19.46044922,19.31521606,52525672872
19.6831665,-19.46044922,19.31521606,52525940349
19.16960144,-19.46044922,19.31521606,52526243880
12.87590027,-19.46044922,19.31521606,52526506314
2.009506226,-19.46044922,19.31521606,52526798322
-15.1910553,-19.46044922,19.31521606,52527081741
-19.3162384,-19.46044922,19.31521606,52527375109
-19.3162384,-19.46044922,19.31521606,52527680904
-19.3162384,-11.98132324,19.31521606,52527962389
-19.3162384,0.2085571289,19.31521606,52528248786
-19.3162384,12.21514893,19.31521606,52528565367
-19.3162384,15.21679688,9.324798584,52528874250
-16.47169495,13.15301514,2.804962158,52529141159
-9.794754028,7.930480957,2.757354736,52529426314
-4.536514282,2.024780273,1.926605225,52529710872
-1.296829224,-3.961853027,0.5436096191,52529997720
0.8669281006,-10.99822998,-2.241424561,52530312064
4.225631714,-19.46044922,-0.3799743652,52530557523
10.20036316,-19.46044922,4.20223999,52530857681
13.88755798,-19.46044922,7.311004639,52531143756
14.73973083,-19.46044922,1.757598877,52531431934
14.49455261,-19.46044922,0.4793395996,52531705404
13.09489441,-19.46044922,1.745697021,52532006131
10.58122253,-15.74945068,2.950164795,52532290669
7.85093689,-10.36743164,4.280792236,52532577392
4.039962769,-6.751647949,1.055389404,52532862068
1.721481323,-3.154907227,-1.277374268,52533169218
0.8312225342,-0.2222900391,-3.54586792,52533434845
0.9430999756,1.120239258,-3.184051514,52533808044
0.5122528076,2.058105469,-0.399017334,52534014544
-1.420608521,3.636291504,1.579071045,52534258229
-2.92024231,5.385864258,-0.7346496582,52534560096
-5.217300415,6.476074219,-1.382110596,52534848669
-6.176589966,6.342773438,0.04611206055,52535127550
-4.819778442,5.504882813,3.833282471,52535404447
-0.01142883301,5.781005859,2.171783447,52535683246
2.875961304,5.535827637,-3.82913208,52536013053
3.121139526,-1.317260742,-4.816986084,52536264080
7.332015991,-11.01013184,-0.679901123,52536540607
13.16630554,-19.46044922,1.093475342,52536835435
10.56455994,-19.46044922,0.4769592285,52537109672
9.588607788,-19.46044922,1.926605225,52537399668
7.741439819,-12.89776611,-1.322601318,52537682155
7.501022339,-6.718322754,-2.227142334,52537966813
5.553878784,-2.581237793,-0.4347229004,52538281476
2.452255249,0.2894897461,1.5909729,52538543918
-2.565567017,2.291381836,1.783782959,52538817791
-7.043045044,3.612487793,0.9649353027,52539112377
-7.892837524,3.629150391,-0.296661377,52539394917
-8.590286255,2.867431641,1.398162842,52539685059
-8.526016235,-1.219665527,0.6959533691,52539963429
-10.49220276,-6.734985352,5.418609619,52540251611
-12.860672,-14.09033203,11.9503479,52540540683
-11.66810608,-19.14862061,15.39950562,52540965605
-7.988052368,-19.46044922,14.71871948,52541406429
1.847640991,-19.46044922,12.01223755,52541620487
10.88829041,-19.46044922,19.31521606,52541861901
19.6831665,-19.46044922,19.31521606,52542077052
19.6831665,-19.46044922,19.31521606,52542291339
19.6831665,-19.46044922,19.31521606,52542536598
17.75566101,-19.46044922,19.31521606,52542822612
15.20866394,-19.46044922,19.31521606,52543106572
10.30986023,-19.46044922,19.31521606,52543396582
-2.696487427,-19.46044922,19.31521606,52543678306
-19.3162384,-19.46044922,19.31521606,52543965330
-19.3162384,-19.46044922,19.31521606,52544248561
-19.3162384,-13.96655273,19.31521606,52544535974
-19.3162384,3.707702637,19.31521606,52544820696
-19.3162384,19.53895569,19.31521606,52545113383
-19.3162384,19.53895569,14.71871948,52545395749
-19.3162384,14.33129883,3.997528076,52545799045
-13.84138489,6.461791992,-1.596343994,52545963207
-10.75404358,0.1514282227,-3.593475342,52546251877
-4.817398071,-3.407226563,-2.960296631,52546536728
-0.7683868408,-4.195129395,-4.031463623,52546834198
1.028793335,-4.833068848,-2.569915771,52547130487
2.164230347,-6.611206055,-3.945770264,52547395097
2.407028198,-11.09106445,0.4864807129,52547687116
5.308700562,-14.72113037,8.565460205,52547963789
8.074691772,-16.42071533,5.892303467,52548242467
12.38554382,-17.54663086,1.236297607,52548527762
13.79710388,-19.33905029,-2.079559326,52548807287
13.45671082,-19.46044922,-1.010772705,52549097063
14.63975525,-19.46044922,-0.6346740723,52549397546
14.48027039,-19.04388428,0.5459899902,52549695144
13.53764343,-14.50213623,-1.046478271,52549971378
11.08824158,-10.10797119,-4.543243408,52550253075
9.264877319,-7.596679688,-7.309234619,52550534323
8.872116089,-5.09967041,-4.647979736,52550831978
6.701217651,-2.707397461,-1.851043701,52551133865
2.942611694,-1.260131836,-1.546356201,52551403713
-0.4803619385,-0.3984375,-2.47946167,52551696986
-1.74671936,-0.06994628906,-2.265228271,52551953448
-1.20161438,-0.1318359375,-0.7013244629,52552272557
-0.5279693604,0.2799682617,1.148223877,52552522065
-3.013076782,-0.5817260742,3.469085693,52552839341
-7.726211548,-0.7673950195,6.099395752,52553121926
-10.47315979,0.2014160156,6.089874268,52553398708
-3.601028442,1.075012207,2.602630615,52553696286
2.880722046,2.374694824,5.735198975,52553957776
4.199447632,0.5084838867,6.656402588,52554267484
8.058029175,-5.242492676,-1.284515381,52554554184
16.73210144,-19.21289063,-8.675567627,52554824651
19.6831665,-19.46044922,7.946563721,52555103409
16.54405212,-19.46044922,4.437896729,52555479149
13.00205994,-19.46044922,2.766876221,52555667815
9.186325073,-19.46044922,-1.110748291,52555945700
6.506027222,-12.23602295,-0.1800231934,52556243666
4.91355896,-4.930664063,2.712127686,52556577450
2.409408569,0.7846069336,4.837799072,52556842644
-2.755996704,5.335876465,3.552398682,52557135338
-8.164199829,8.485107422,-1.877227783,52557418998
-6.785964966,9.815734863,-6.357086182,52557696737
-5.802871704,9.411071777,-0.5466003418,52557995625
-6.312271118,9.368225098,5.425750732,52558237771
-10.1184845,7.421081543,9.5128479,52558564868
-10.65406799,3.712463379,6.968231201,52558810345
-8.097549438,-0.09613037109,4.79019165,52559101013
-8.528396606,-4.894958496,9.574737549,52559386978
-4.681716919,-8.998718262,10.87918091,52559668422
7.141586304,-17.58947754,19.31521606,52559953601
19.6831665,-19.46044922,19.31521606,52560235445
19.6831665,-19.46044922,19.31521606,52560528129
19.6831665,-19.46044922,19.31521606,52560814476
16.58927917,-19.46044922,19.31521606,52561100281
-3.653396606,-19.46044922,19.31521606,52561380645
-5.341079712,-19.46044922,19.31521606,52561664119
-18.37837219,-19.46044922,19.31521606,52561960264
-19.3162384,-19.46044922,19.31521606,52562269695
-19.3162384,-19.46044922,19.31521606,52562550862
-19.3162384,-13.59997559,19.31521606,52562890111
-19.3162384,3.312561035,19.31521606,52563103173
-19.3162384,15.87139893,19.31521606,52563391777
-19.3162384,17.48529053,12.73825073,52563691368
-17.75233459,15.31201172,8.37979126,52563974953
-12.41792297,11.70098877,0.819732666,52564234955
-6.143264771,6.985473633,-2.212860107,52564518404
-2.20375061,2.527038574,-1.634429932,52564817486
-0.2066192627,-3.683349609,0.2032165527,52565093625
1.761947632,-9.84375,3.476226807,52565372231
5.032577515,-14.88775635,2.412200928,52565662094
10.15513611,-18.72491455,-2.41519165,52565947765
12.77830505,-19.46044922,-1.136932373,52566517729
11.90708923,-19.46044922,2.857330322,52566698698
12.32603455,-19.46044922,2.9168396,52566912798
13.12107849,-19.46044922,0.2174987793,52567207263
13.07823181,-16.777771,-2.341400146,52567379220
10.95732117,-12.83349609,-2.91506958,52567659615
8.260360718,-9.29864502,-4.619415283,52567952163
6.194198608,-6.451721191,-4.183807373,52568238450
4.865951538,-4.649780273,-1.474945068,52568523795
4.527938843,-2.48840332,1.783782959,52568796270
3.516281128,0.1752319336,2.588348389,52569080193
1.054977417,1.205932617,-1.451141357,52569382322
-0.06617736816,1.072631836,-4.478973389,52569814648
-1.534866333,-0.119934082,-2.698455811,52570061885
-2.66078186,-0.5960083008,2.8097229,52570265435
-0.8588409424,1.105957031,5.371002197,52570507733
0.5431976318,2.310424805,2.028961182,52570798012
5.377731323,-0.2770385742,-2.974578857,52571140999
10.59312439,-5.485290527,-3.781524658,52571380359
14.53263855,-9.455749512,-4.600372314,52571656933
14.07322693,-11.65997314,-8.139984131,52571945005
9.598129272,-10.4364624,-4.783660889,52572229969
6.1537323,-7.258666992,-1.810577393,52572530056
3.171127319,-3.197753906,1.726654053,52572809349
0.2527923584,-0.4912719727,0.843536377,52573096333
-2.227554321,1.110717773,-0.299041748,52573389373
-3.905715942,1.986694336,-1.165496826,52573671630
-5.257766724,2.798400879,-2.312835693,52573955447
-7.302505493,2.993591309,-2.220001221,52574248166
-8.390335083,2.824584961,-1.836761475,52574527855
-9.892349243,1.49395752,0.793548584,52574813634
-10.69215393,-1.538635254,5.459075928,52575100968
-9.609085083,-5.859008789,9.281951904,52575405821
-13.14155579,-10.31982422,11.63613892,52575677260
-10.17323303,-12.59307861,17.95602417,52575962396
-6.907363892,-13.55950928,14.10458374,52576246697
-7.269180298,-14.50689697,17.31570435,52576533290
-4.141372681,-18.50115967,19.31521606,52576919235
5.803817749,-19.46044922,19.31521606,52577072285
19.6831665,-19.46044922,19.31521606,52577375865
19.6831665,-19.46044922,19.31521606,52577647295
19.6831665,-19.46044922,19.31521606,52577969847
19.6831665,-19.46044922,19.31521606,52578269303
8.453170776,-19.46044922,19.31521606,52578507914
-10.36604309,-19.46044922,19.31521606,52578795768
-17.5381012,-19.46044922,19.31521606,52579111437
-19.3162384,-19.46044922,19.31521606,52579385339
-19.3162384,-19.46044922,19.31521606,52579696256
-19.3162384,-19.46044922,19.31521606,52579924860
-19.3162384,-7.908508301,19.31521606,52580256443
-19.3162384,8.61126709,19.31521606,52580542471
-19.3162384,18.71356201,19.31521606,52580854407
-19.3162384,19.53895569,11.38619995,52581132051
-18.75447083,18.56359863,4.847320557,52581363593
-12.28224182,14.4074707,-3.467315674,52581686686
-8.49269104,9.908569336,-7.859100342,52581946902
-4.565078735,4.686035156,-6.866485596,52582226814
-2.544143677,-0.03186035156,-6.173797607,52582506355
-0.26612854,-7.01348877,-2.21762085,52582802629
2.621261597,-13.35241699,5.975616455,52583085914
7.877120972,-17.4776001,9.227203369,52583369253
11.89756775,-19.46044922,4.783050537,52583677438
16.99156189,-19.46044922,0.2174987793,52584103103
17.61521912,-19.46044922,3.340545654,52584213650
17.02250671,-19.46044922,1.767120361,52584500090
15.19200134,-19.46044922,0.003265380859,52584781684
12.34031677,-15.24243164,0.2222595215,52585113365
8.936386108,-10.28411865,-0.8917541504,52585366615
6.225143433,-5.390075684,-2.82699585,52585648271
4.168502808,-2.00994873,-5.293060303,52585938254
2.426071167,-0.4293823242,-6.590362549,52586218978
1.095443726,0.4751586914,-5.081207275,52586503682
-0.3065948486,1.029785156,-2.158111572,52586790814
-0.7826690674,1.648681641,0.8935241699,52587074440
-1.994277954,2.38659668,2.252716064,52587367585
-1.582473755,2.25567627,1.13394165,52587647292
0.64793396,2.281860352,0.03182983398,52587958074
0.1052093506,1.672485352,-0.2276306152,52588213643
5.130172729,-2.533630371,-2.824615479,52588508685
15.71806335,-10.48883057,0.3650817871,52588794676
19.6831665,-16.53497314,4.825897217,52589099150
18.09843445,-19.46044922,-1.727264404,52589385037
14.13035583,-17.4776001,-0.7108459473,52589649669
10.68119812,-12.89300537,-0.8417663574,52589917947
8.479354858,-7.051574707,-2.227142334,52590202053
4.558883667,-2.128967285,-1.524932861,52590484963
1.028793335,1.562988281,1.255340576,52590792382
-2.056167603,4.131408691,2.502655029,52591115963
-5.591018677,5.228759766,0.5317077637,52591348584
-7.290603638,5.640563965,-2.358062744,52591631052
-7.221572876,5.840515137,-1.820098877,52591918270
-6.993057251,5.866699219,0.1389465332,52592231226
-5.536270142,5.47869873,-1.493988037,52592511514
-5.364883423,4.488464355,-3.376861572,52592787371
-6.871658325,2.972167969,0.7602233887,52593075970
-9.152053833,-0.5555419922,6.149383545,52593361440
-6.600296021,-4.88067627,8.558319092,52593695071
-10.86830139,-9.47479248,11.97891235,52593933290
-14.86018372,-17.92987061,19.31521606,52594216702
-10.42793274,-19.46044922,19.31521606,52594505048
-3.189224243,-19.46044922,19.31521606,52594788810
19.6831665,-19.46044922,19.31521606,52595060133
19.6831665,-19.46044922,19.31521606,52595364066
19.6831665,-19.46044922,19.31521606,52595634670
19.6831665,-19.46044922,19.31521606,52595936313
19.6831665,-10.64355469,19.31521606,52596219933
-3.134475708,-12.24554443,19.31521606,52596489343
-13.56764221,-19.46044922,19.31521606,52596851618
-19.3162384,-19.46044922,19.31521606,52597077918
-19.3162384,-19.46044922,19.31521606,52597369942
-19.3162384,-19.46044922,19.31521606,52597637853
-19.3162384,-7.434814453,19.31521606,52597920743
-19.3162384,9.042114258,19.31521606,52598231406
-19.3162384,17.80426025,19.31521606,52598512883
-19.3162384,18.20178223,4.754486084,52598841783
-11.02778625,13.2791748,2.436004639,52599063846
-7.809524536,7.28302002,0.01040649414,52599362196
-5.605300903,2.548461914,-2.224761963,52599642892
-1.59437561,-3.045410156,-3.636322021,52599938065
0.7336273193,-8.132263184,-3.583953857,52600231519
4.642196655,-13.32147217,-3.06741333,52600500195
8.174667358,-18.96295166,1.145843506,52600781466
11.28105164,-19.46044922,2.278900146,52601109507
16.73924255,-19.46044922,-3.791046143,52601379610
16.90110779,-19.46044922,-4.831268311,52601665616
15.77757263,-19.46044922,-0.3276062012,52601947178
14.18986511,-18.88201904,1.193450928,52602206593
12.19987488,-13.38098145,0.0627746582,52602522987
9.771896362,-7.061096191,-1.336883545,52602810337
7.736679077,-2.536010742,-3.493499756,52603094054
5.203964233,-0.1365966797,-3.921966553,52603378810
2.568893433,1.358276367,-1.427337646,52603664765
0.6336517334,2.781738281,0.2413024902,52603958174
0.8097991943,2.693664551,-2.534210205,52604240757
1.12638855,1.360656738,-2.603240967,52604488213
-0.1851959229,-1.281555176,-0.7346496582,52604844602
-1.675308228,-3.323913574,2.578826904,52605097989
-5.995681763,-3.490539551,4.856842041,52605386970
-10.0113678,-4.430786133,4.240325928,52605662595
-5.629104614,-3.528625488,4.252227783,52606017520
-0.0518951416,-1.283935547,2.790679932,52606195138
-0.2066192627,0.1990356445,-1.177398682,52606479484
3.759078979,-0.5388793945,-6.616546631,52606805831
18.2507782,-3.545288086,-7.79006958,52607056545
19.6831665,-8.565490723,-4.490875244,52607337964
19.6831665,-13.26196289,-0.8489074707,52607633070
19.6831665,-16.43261719,-0.0895690918,52607914515
19.25053406,-17.02532959,0.2008361816,52608206093
14.7587738,-14.33551025,0.3269958496,52608486046
9.124435425,-9.470031738,-0.6489562988,52608765710
4.496994019,-5.747131348,-0.7251281738,52609060397
-0.5160675049,-3.285827637,-0.7513122559,52609341364
-2.765518188,-1.062561035,-0.4799499512,52609640145
-6.9478302,0.8084106445,-0.196685791,52609921185
-9.161575317,2.762695313,-1.482086182,52610188946
-8.466506958,4.093322754,-3.074554443,52610478924
-8.218948364,4.712219238,-2.76272583,52610768979
-9.856643677,4.99786377,-1.632049561,52611092133
-11.08253479,3.957641602,-0.07528686523,52611342298
-11.35151672,2.329467773,2.752593994,52611641787
-9.578140259,-1.214904785,9.370025635,52611908903
-10.73738098,-5.62097168,19.31521606,52612196595
-8.875930786,-9.700927734,19.31521606,52612498126
-3.167800903,-12.54071045,19.31521606,52612824333
18.08177185,-15.38525391,19.31521606,52613163639
19.6831665,-19.46044922,19.31521606,52613341124
19.6831665,-19.46044922,19.31521606,52613614095
19.6831665,-1.272033691,19.31521606,52613964458
19.6831665,1.741516113,19.31521606,52614212726
16.76066589,-15.53759766,19.31521606,52614484071
8.603134155,-19.46044922,19.31521606,52614771077
-6.864517212,-19.46044922,19.31521606,52615054351
-19.3162384,-19.46044922,19.31521606,52615347743
-19.3162384,-19.46044922,19.31521606,52615617236
-19.3162384,-4.737854004,19.31521606,52615910190
-19.3162384,8.004272461,19.31521606,52616201816
-19.3162384,19.53895569,19.31521606,52616474088
-19.3162384,19.53895569,4.076080322,52616778681
-19.3162384,14.94781494,5.949432373,52617056029
-14.21272278,8.899291992,-1.634429932,52617338360
-7.626235962,3.755310059,-6.933135986,52617633017
-3.272537231,0.134765625,-7.102142334,52617905743
-1.808609009,-2.128967285,-8.306610107,52618205897
1.681015015,-9.001098633,-2.531829834,52618481753
4.95640564,-15.41143799,4.566436768,52618765418
6.903549194,-18.18933105,1.471954346,52619065600
7.972335815,-19.46044922,-0.4609069824,52619346292
8.898300171,-19.46044922,1.298187256,52619647228
10.75737,-19.46044922,2.157501221,52619997919
13.53764343,-18.375,-1.403533936,52620186140
14.68260193,-16.47070313,-3.322113037,52620491263
12.733078,-14.06890869,-5.133575439,52620756834
11.18107605,-11.18865967,-4.747955322,52621123666
8.74357605,-8.163208008,-2.705596924,52621375218
6.913070679,-5.701904297,-2.550872803,52621634876
5.772872925,-3.614318848,-1.605865479,52621935168
5.765731812,-1.81237793,-1.082183838,52622208094
4.361312866,-0.7864379883,-0.5370788574,52622504853
1.80241394,-0.8959350586,-0.1276550293,52622778460
-0.3327789307,-1.172058105,1.172027588,52623067290
-1.261123657,-1.764770508,2.769256592,52623371322
0.1194915771,-1.274414063,2.495513916,52623640000
0.03141784668,-0.2032470703,1.357696533,52623939651
-2.429885864,0.3442382813,3.100128174,52624214034
-5.909988403,1.186889648,5.106781006,52624501721
-5.433914185,3.255432129,3.98324585,52624798345
5.00163269,3.543457031,0.7887878418,52625074823
17.19865417,-0.9506835938,3.442901611,52625427060
19.6831665,-5.880432129,2.704986572,52625645384
19.6831665,-12.23840332,-10.04666138,52625934555
19.6831665,-16.46118164,-7.623443604,52626201528
19.47666931,-18.62493896,5.825653076,52626503873
14.6683197,-15.40905762,10.0317688,52626790025
9.44102478,-9.612854004,5.675689697,52627229860
6.118026733,-4.966369629,0.2222595215,52627327109
3.25920105,-1.42199707,-1.117889404,52627605731
-0.7183990479,0.5227661133,-2.484222412,52627891593
-3.917617798,1.291625977,-3.148345947,52628175077
-6.81690979,1.710571289,-1.482086182,52628511807
-8.576004028,2.379455566,0.2579650879,52628794795
-8.944961548,3.660095215,0.8816223145,52629072741
-7.233474731,4.405151367,-1.505889893,52629330427
-6.72883606,3.624389648,-2.008148193,52629613729
-8.373672485,1.629638672,-0.9988708496,52629938693
-8.211807251,-1.043518066,4.666412354,52630226682
-9.699539185,-4.849731445,6.22555542,52630527977
-8.864028931,-8.087036133,13.00485229,52630755071
-7.223953247,-12.65258789,19.31521606,52631043114
8.37461853,-17.24194336,19.31521606,52631334603
19.6831665,-19.46044922,19.31521606,52631618226
19.6831665,-19.46044922,19.31521606,52631961097
19.6831665,-19.46044922,19.31521606,52632196343
19.6831665,-8.95111084,19.31521606,52632429238
0.6265106201,-16.8848877,19.31521606,52632714836
-1.00642395,-19.46044922,19.31521606,52632999069
-12.29652405,-19.46044922,19.31521606,52633275461
-19.3162384,-19.46044922,19.31521606,52633571730
-19.3162384,-19.46044922,19.31521606,52633855639
-19.3162384,1.817687988,19.31521606,52634138237
-19.3162384,18.75640869,19.31521606,52634429075
-19.3162384,19.53895569,19.31521606,52634730482
-19.3162384,19.53895569,10.3531189,52635001379
-14.00563049,13.85522461,-2.172393799,52635289978
-10.49458313,7.69720459,-7.711517334,52635570411
-6.048049927,1.327331543,-8.106658936,52635854255
-0.9588165283,-4.802124023,-5.152618408,52636135004
2.126144409,-10.50073242,-2.139068604,52636427788
4.04234314,-15.76135254,1.164886475,52636710495
8.598373413,-19.46044922,3.976104736,52637003736
10.00041199,-19.46044922,3.528594971,52637302953
10.1884613,-19.46044922,-0.1776428223,52637562235
13.97563171,-19.46044922,2.293182373,52637853502
11.9261322,-19.07958984,1.338653564,52638138622
12.73069763,-16.55401611,-2.886505127,52638423520
11.23106384,-15.59234619,-2.300933838,52638711138
8.824508667,-14.92822266,-0.601348877,52638994255
8.91734314,-13.66186523,0.488861084,52639282684
7.791427612,-10.79589844,4.456939697,52639565147
6.870223999,-8.215576172,2.704986572,52639852328
6.056137085,-6.863525391,0.8125915527,52640138502
5.944259644,-4.952087402,1.205352783,52640421916
5.606246948,-2.997802734,0.4031677246,52640710727
3.911422729,-2.507446289,-0.5489807129,52640993575
2.899765015,-2.8359375,1.874237061,52641289435
3.385360718,-1.779052734,4.07131958,52641568500
1.40965271,-1.07208252,3.676177979,52641883676
0.1694793701,-0.2675170898,3.147735596,52642138273
-3.527236938,0.9655151367,6.480255127,52642430234
-8.49269104,3.326843262,8.179840088,52642713302
-5.593399048,5.30255127,3.204864502,52642992413
-4.881668091,6.633178711,-0.3466491699,52643277368
-0.5970001221,6.085693359,-3.022186279,52643566531
7.358200073,0.9345703125,1.162506104,52643849245
19.32670593,-5.792358398,7.370513916,52644123462
19.6831665,-14.90917969,-7.656768799,52644424058
19.6831665,-19.46044922,-4.02432251,52644706334
19.6831665,-19.46044922,1.17678833,52645002962
19.667099,-17.6751709,5.271026611,52645276034
15.45146179,-10.87445068,3.359588623,52645552280
9.798080444,-5.040161133,1.191070557,52645854283
4.989730835,-1.850463867,0.0627746582,52646137922
1.043075562,-0.04614257813,-1.101226807,52646428529
-2.220413208,1.044067383,-2.105743408,52646709615
-6.51222229,1.86529541,-2.943634033,52646985928
-9.499588013,2.384216309,-3.053131104,52647281674
-9.42817688,3.691040039,-1.896270752,52647564338
-9.963760376,4.08380127,0.4483947754,52647851975
-10.10420227,3.800537109,0.8363952637,52648135567
-8.768814087,2.826965332,-0.1252746582,52648416632
-9.839981079,0.5513305664,0.4864807129,52648713972
-12.34413147,-2.528869629,5.466217041,52649001851
-8.20942688,-3.840454102,13.71182251,52649284560
-14.19367981,-10.30554199,19.31521606,52649562962
-7.364395142,-19.03912354,19.31521606,52649839793
19.51475525,-19.46044922,19.31521606,52650137623
19.6831665,-19.46044922,19.31521606,52650421656
19.6831665,-19.46044922,19.31521606,52650707302
19.6831665,-19.46044922,19.31521606,52650990581
19.6831665,-12.88348389,19.31521606,52651270805
-1.775283813,-19.46044922,19.31521606,52651566585
-15.4957428,-19.46044922,19.31521606,52651847760
-19.3162384,-19.46044922,19.31521606,52652145791
-19.3162384,-19.46044922,19.31521606,52652423089
-19.3162384,-19.46044922,19.31521606,52652697767
-19.3162384,-9.650939941,19.31521606,52652992791
-19.3162384,13.02685547,19.31521606,52653275899
-19.3162384,19.53895569,19.31521606,52653562745
-19.3162384,19.53895569,5.444793701,52653846137
-19.3162384,19.53895569,5.09487915,52654159929
-19.3162384,18.77545166,-6.795074463,52654424091
-13.99848938,13.41723633,-12.48892212,52654704177
-8.699783325,6.476074219,-8.454193115,52654991278
-4.774551392,-0.6721801758,-5.081207275,52655273152
-2.170425415,-6.615966797,-0.5965881348,52655560166
-0.57081604,-10.43408203,-0.7655944824,52655851984
0.6217498779,-13.54998779,0.7768859863,52656130893
3.180648804,-16.00653076,2.102752686,52656418417
5.991867065,-19.46044922,5.368621826,52656701849
8.555526733,-19.46044922,11.39572144,52656991155
13.28770447,-19.46044922,2.802581787,52657275555
15.92991638,-19.46044922,-5.488250732,52657631482
15.24913025,-19.46044922,-4.56942749,52657844119
14.13035583,-18.31549072,-0.9512634277,52658129433
12.91636658,-13.01678467,-1.115509033,52658413807
11.75950623,-7.713317871,-4.509918213,52658702943
10.01945496,-3.264404297,-8.487518311,52658985872
7.291549683,-1.257751465,-10.42990112,52659276492
5.19682312,-0.653137207,-9.689605713,52659557774
2.049972534,-1.153015137,-4.255218506,52659842587
0.2861175537,-0.5126953125,1.748077393,52660140776
-0.4779815674,0.3156738281,4.014190674,52660413698
-2.172805786,0.5894165039,4.70211792,52660707807
-2.946426392,0.3275756836,4.837799072,52660986675
-3.815261841,0.3037719727,5.216278076,52661272858
-1.253982544,-0.474609375,2.167022705,52661557629
0.7122039795,-1.307739258,3.319122314,52661841903
0.6907806396,-1.90045166,6.68258667,52662119384
3.130661011,-4.361755371,7.94418335,52662423017
11.07872009,-11.09106445,5.773284912,52662698712
19.17674255,-18.83917236,0.8149719238,52662983290
19.6831665,-19.46044922,-7.018829346,52663268581
19.6831665,-19.46044922,-8.963592529,52663572208
15.47050476,-19.46044922,-1.889129639,52663876689
10.48838806,-15.12341309,2.497894287,52664128493
7.051132202,-9.791381836,1.464813232,52664423250
4.677902222,-5.16394043,-0.5989685059,52664695742
1.090682983,-2.159912109,-4.30758667,52665012824
-0.9730987549,-0.003295898438,-6.816497803,52665268475
-4.229446411,0.717956543,-5.997650146,52665553901
-6.714553833,1.217834473,-3.1769104,52665840666
-8.154678345,1.786743164,-1.163116455,52666130469
-8.116592407,2.503234863,0.565032959,52666403009
-5.988540649,3.167358398,1.262481689,52666697417
-5.681472778,2.962646484,1.095855713,52666980169
-9.697158813,1.698669434,2.921600342,52667269364
-12.49409485,-1.067321777,7.760894775,52667551851
-9.763809204,-4.314147949,13.57614136,52667835625
-4.838821411,-6.25177002,16.12313843,52668123868
-3.017837524,-14.07128906,19.31521606,52668407972
16.86778259,-19.46044922,19.31521606,52668696505
19.6831665,-19.46044922,19.31521606,52668979738
19.6831665,-19.46044922,19.31521606,52669264147
19.6831665,-5.197265625,19.31521606,52669555107
19.6831665,4.962158203,19.31521606,52669838493
1.785751343,-5.66619873,19.31521606,52670138654
-18.63545227,-19.46044922,19.31521606,52670409048
-19.3162384,-19.46044922,19.31521606,52670693224
-19.3162384,-19.46044922,19.31521606,52670980542
-19.3162384,-19.46044922,19.31521606,52671268592
-19.3162384,-19.46044922,19.31521606,52671554400
-19.3162384,-12.27648926,19.31521606,52671835806
-19.3162384,13.32678223,19.31521606,52672130425
-19.3162384,19.53895569,5.947052002,52672410476
-19.3162384,19.53895569,-3.257843018,52672691969
-19.3162384,16.99493408,0.09133911133,52672964719
-13.70808411,11.00830078,-4.697967529,52673269866
-10.08992004,6.138061523,-7.673431396,52673548475
-6.383682251,2.269958496,-8.109039307,52673835094
-2.710769653,-2.121826172,-5.376373291,52674140997
0.6027069092,-9.884216309,-1.222625732,52674393976
6.408432007,-18.25360107,4.545013428,52674695354
9.833786011,-19.46044922,5.15914917,52674976941
12.123703,-19.46044922,3.490509033,52675263015
15.71568298,-19.46044922,9.869903564,52675547500
16.84873962,-19.46044922,6.37789917,52675825042
15.89421082,-19.46044922,3.473846436,52676121432
12.91874695,-17.93939209,-1.624908447,52676514894
10.02897644,-14.01654053,-5.012176514,52676735445
8.169906616,-11.54571533,-2.746063232,52677020083
8.269882202,-8.03704834,2.607391357,52677313322
7.589096069,-3.290588379,5.513824463,52677582991
6.279891968,0.4013671875,2.866851807,52677893776
5.15397644,2.358032227,-1.712982178,52678154309
1.821456909,2.350891113,-2.791290283,52678433349
-0.849319458,1.274963379,0.2817687988,52678759993
-1.687210083,2.915039063,6.368377686,52679059075
-0.468460083,3.464904785,3.152496338,52679347061
-2.348953247,2.69128418,5.897064209,52679622706
0.06950378418,3.841003418,15.65182495,52679889576
2.89024353,4.288513184,14.41165161,52680152346
9.210128784,-0.2794189453,-9.349212646,52680482581
19.6831665,-7.132507324,-19.68418884,52680734718
15.74662781,-13.98083496,-15.35726929,52681036938
8.629318237,-16.37310791,-4.300445557,52681469046
3.130661011,-13.11914063,-1.605865479,52681680545
0.7812347412,-8.275085449,-7.025970459,52681895548
-0.8159942627,-3.012084961,-5.578704834,52682127489
-1.377761841,-0.3175048828,-7.018829346,52682442484
-2.872634888,-0.119934082,-5.590606689,52682727190
-5.929031372,0.237121582,-2.172393799,52683013074
-7.264419556,0.8512573242,0.6578674316,52683300587
-8.628372192,1.758178711,3.607147217,52683580546
-8.402236938,2.672241211,2.747833252,52683901255
-6.616958618,2.741271973,0.9101867676,52684155123
-7.090652466,1.874816895,1.950408936,52684439917
-8.192764282,1.4296875,6.068450928,52684724710
-10.51600647,2.055725098,11.44094849,52685053663
-11.86567688,1.553466797,12.71920776,52685288779
-7.176345825,-1.959960938,19.31521606,52685567977
2.840255737,-7.684753418,19.31521606,52685871840
8.022323608,-11.82421875,19.31521606,52686158830
19.6831665,-18.48687744,19.31521606,52686434340
19.6831665,-19.46044922,19.31521606,52686720772
19.6831665,-17.73944092,19.31521606,52687005848
19.6831665,-19.46044922,19.31521606,52687288886
19.6831665,-19.46044922,19.31521606,52687578946
-3.836685181,-19.46044922,19.31521606,52687881826
-19.3162384,-19.46044922,19.31521606,52688153169
-19.3162384,-19.46044922,19.31521606,52688435713
-19.3162384,-19.46044922,19.31521606,52688722336
-19.3162384,-19.46044922,19.31521606,52689037999
-19.3162384,-12.91680908,19.31521606,52689292857
-19.3162384,8.735046387,19.31521606,52689569190
-19.3162384,19.53895569,19.31521606,52689868854
-19.3162384,19.53895569,18.04171753,52690152048
-19.3162384,19.53895569,13.23336792,52690435866
-19.3162384,17.36151123,-0.06338500977,52690723874
-13.48432922,13.16015625,-6.352325439,52690996118
-9.437698364,8.984985352,-5.669158936,52691330999
-5.645767212,6.221374512,-3.276885986,52691617731
-2.537002563,3.314941406,-2.577056885,52691981181
-0.8374176025,1.113098145,-1.265472412,52692194488
0.3575286865,-0.9673461914,-0.2752380371,52692439888
1.861923218,-4.440307617,3.566680908,52692721731
4.711227417,-7.910888672,5.782806396,52693007807
8.355575562,-9.958007813,2.474090576,52693290147
9.948043823,-11.0791626,-1.679656982,52693586961
12.91160583,-14.22601318,-3.084075928,52693890975
13.61857605,-17.07531738,0.157989502,52694160082
14.16368103,-17.03009033,-0.7655944824,52694445246
12.67118835,-15.18768311,-5.521575928,52694707061
11.98802185,-12.38122559,-7.818634033,52695053222
10.61216736,-9.991333008,-8.444671631,52695278473
8.976852417,-8.832092285,-8.287567139,52695611854
9.150619507,-7.496704102,-4.600372314,52695953143
8.357955933,-5.654296875,-0.120513916,52696151320
7.474838257,-3.688110352,0.922088623,52696440747
6.622665405,-1.90045166,1.883758545,52696718721
5.289657593,-0.6221923828,-1.724884033,52697001820
4.796920776,-0.2698974609,-7.411590576,52697285262
5.249191284,-1.300598145,-8.439910889,52697597187
6.237045288,-2.426513672,-1.946258545,52697918453
6.648849487,-1.779052734,1.52432251,52698145235
4.128036499,-1.676696777,-1.332122803,52698459799
4.211349487,-2.152770996,-3.976715088,52698800078
5.737167358,-3.095397949,-3.767242432,52699002066
7.803329468,-4.023742676,-5.114532471,52699280841
6.391769409,-5.325805664,-5.333526611,52699561942
6.179916382,-7.023010254,-4.412322998,52699864049
7.117782593,-8.760681152,-3.700592041,52700169107
7.113021851,-9.948486328,-2.024810791,52700448004
7.662887573,-10.01037598,-3.453033447,52700747476
7.998519897,-9.531921387,-5.540618896,52701111860
7.881881714,-9.584289551,-6.102386475,52701292208
7.151107788,-9.234375,-4.288543701,52701557978
7.377243042,-8.620239258,-2.13192749,52701842658
7.905685425,-7.953735352,-3.736297607,52702233932
7.46055603,-8.025146484,-4.136199951,52702421488
8.186569214,-8.267944336,-2.486602783,52702714024
9.019699097,-7.487182617,-1.477325439,52702996518
8.707870483,-6.863525391,-1.363067627,52703311751
7.398666382,-6.696899414,-1.465423584,52703575290
6.582199097,-7.351501465,-1.010772705,52703855124
7.996139526,-7.227722168,-0.4275817871,52704154753
6.572677612,-7.49432373,2.469329834,52704422739
9.112533569,-8.013244629,3.057281494,52704717321
9.83140564,-8.144165039,1.712371826,52705001345
7.189193726,-8.415527344,0.767364502,52705289013
5.896652222,-7.560974121,0.7578430176,52705566488
6.803573608,-7.046813965,-0.5537414551,52705853539
6.751205444,-7.389587402,-1.141693115,52706167396
6.360824585,-6.820678711,-0.220489502,52706505016
6.429855347,-6.746887207,1.043487549,52706745414
6.146591187,-6.411254883,2.559783936,52706982663
5.077804565,-6.813537598,2.143218994,52707303613
6.225143433,-8.129882813,0.9577941895,52707573442
5.670516968,-8.170349121,1.978973389,52707858397
5.753829956,-7.894226074,2.212249756,52708128940
6.168014526,-7.677612305,1.533843994,52708412835
4.813583374,-7.856140137,0.7554626465,52708701944
2.278488159,-9.032043457,1.474334717,52708980644
0.6979217529,-9.032043457,4.423614502,52709328658
2.987838745,-8.291748047,3.8309021,52709571758
3.954269409,-8.034667969,2.067047119,52709844832
4.163742065,-8.213195801,-0.2085876465,52710129090
1.447738647,-8.522644043,1.905181885,52710477888
