-0.7874298096,9.913330078,-0.527557373,67968853021
-1.02784729,9.763366699,-0.2419128418,67969098718
-0.9873809814,9.796691895,0.1770324707,67969408903
-1.013565063,9.727661133,0.541229248,67969661543
-1.261123657,9.63482666,0.5864562988,67969955207
-1.351577759,9.575317383,0.8387756348,67970261667
-0.9397735596,9.875244141,0.7554626465,67970542466
-0.8897857666,10.10137939,0.2770080566,67970870511
-1.799087524,8.823120117,-0.05386352539,67971173300
0.34324646,11.28204346,0.767364502,67971464000
-1.384902954,9.465820313,0.5483703613,67971732597
-1.07069397,9.937133789,0.8173522949,67972017163
-0.8564605713,9.72052002,0.3484191895,67972312748
-0.5922393799,9.794311523,0.3984069824,67972531509
-0.6136627197,9.587219238,0.07943725586,67972835532
-0.7374420166,9.477722168,-0.4299621582,67973137627
-0.6636505127,9.356323242,-0.349029541,67973424378
-0.9635772705,8.91595459,0.6721496582,67973712595
-0.9778594971,8.944519043,0.641204834,67974017363
-0.8826446533,9.173034668,-0.03244018555,67974249672
-0.7350616455,9.303955078,-0.6203918457,67974564944
-0.5660552979,9.468200684,-0.4537658691,67974855968
-0.4327545166,9.522949219,0.3222351074,67975102114
-0.4851226807,9.413452148,1.448150635,67975442397
-0.4875030518,8.939758301,2.088470459,67975690516
-0.3375396729,9.320617676,0.9387512207,67975969793
-0.3565826416,9.142089844,0.2055969238,67976250317
-0.3756256104,8.837402344,-0.2776184082,67976667506
-0.09950256348,8.454162598,0.2008361816,67976849762
0.09330749512,7.951904297,0.6554870605,67977096515
-0.1732940674,7.375854492,0.1984558105,67977397249
0.05522155762,6.771240234,0.09848022461,67977696371
0.05046081543,6.292785645,0.03182983398,67977959809
0.4932098389,6.080932617,0.157989502,67978240193
0.8669281006,5.961914063,0.4793395996,67978569000
0.395614624,5.354919434,0.7507019043,67978819567
-0.1114044189,5.212097168,0.8768615723,67979102972
0.6574554443,5.785766602,0.6435852051,67979379911
0.8693084717,6.399902344,1.110137939,67979665061
1.116867065,6.928344727,1.126800537,67979976633
0.4337005615,7.58770752,1.85043335,67980246183
0.1694793701,8.047119141,3.304840088,67980530624
-0.5779571533,7.637695313,3.883270264,67980820659
-1.384902954,7.094970703,4.83303833,67981095351
-0.8540802002,7.206848145,5.887542725,67981420019
0.6931610107,9.67767334,5.651885986,67981796292
2.673629761,13.50292969,5.763763428,67982007147
1.057357788,15.45721436,6.396942139,67982227136
-2.656021118,16.10705566,9.83895874,67982536153
-2.465591431,19.07061768,14.43783569,67982815135
-1.351577759,19.53895569,14.62588501,67983100131
0.3170623779,19.53895569,16.96817017,67983426302
0.3908538818,19.53895569,19.31521606,67983778038
0.4789276123,19.53895569,19.31521606,67984013121
0.7383880615,19.53895569,19.31521606,67984229110
4.832626343,19.53895569,19.31521606,67984531777
14.97776794,19.53895569,19.31521606,67984842645
19.6831665,19.53895569,19.31521606,67985086761
19.6831665,19.53895569,13.40237427,67985390510
19.6831665,15.74285889,17.88699341,67985667664
19.6831665,6.730773926,19.25094604,67985964848
19.6831665,0.9559936523,13.09054565,67986238933
19.6831665,-4.49029541,3.452423096,67986521816
19.6831665,-12.30505371,0.5079040527,67986811841
13.6971283,-19.46044922,7.603790283,67987094278
5.972824097,-19.46044922,7.917999268,67987378970
4.311325073,-18.9105835,-0.8417663574,67987680549
5.649093628,-11.37432861,-10.68222046,67987958964
4.523178101,-5.340087891,-14.08139038,67988243353
3.409164429,-0.9244995117,-10.17996216,67988546018
2.242782593,5.21685791,-5.421600342,67988827340
0.6979217529,10.58935547,-4.628936768,67989099791
-1.199234009,14.34082031,-4.343292236,67989384715
-3.063064575,17.48291016,-4.988372803,67989674552
-4.131851196,18.36364746,-3.103118896,67989954165
-5.44581604,17.92089844,0.9815979004,67990243920
-5.626724243,16.49981689,1.112518311,67990592683
-5.688613892,14.15753174,-0.9893493652,67990919703
-5.638626099,12.0604248,-2.484222412,67991161413
-6.159927368,10.10614014,-2.410430908,67991382995
-6.666946411,8.87310791,-1.734405518,67991691394
-6.024246216,8.261352539,-0.9441223145,67991996238
-5.472000122,7.759094238,0.6792907715,67992245146
-5.155410767,7.811462402,0.2722473145,67992546184
-5.355361938,7.835266113,-1.084564209,67992809617
-4.407974243,8.082824707,-1.665374756,67993101908
-4.541275024,8.254211426,-2.300933838,67993393231
-4.824539185,7.828125,-2.293792725,67993673894
-4.572219849,7.754333496,-1.7605896,67993973345
-4.391311646,7.970947266,-2.093841553,67994240281
-3.977127075,8.249450684,-2.650848389,67994535325
-3.091629028,8.518432617,-2.460418701,67994969530
-3.439163208,8.170898438,-2.224761963,67995208377
-3.31300354,7.913818359,-2.665130615,67995422496
-2.76789856,8.158996582,-3.493499756,67995672388
-2.322769165,8.289916992,-4.098114014,67995959004
-2.049026489,8.19708252,-2.869842529,67996242200
-2.553665161,7.813842773,-2.596099854,67996527820
-2.306106567,7.863830566,-1.789154053,67996819143
-2.146621704,8.268493652,-0.8512878418,67997092981
-2.672683716,8.411315918,-1.048858643,67997398471
-2.941665649,8.863586426,-1.627288818,67997789687
-2.744094849,9.127807617,-1.798675537,67997939624
-2.641738892,9.382507324,-1.591583252,67998227909
-2.163284302,9.672912598,-0.2657165527,67998508952
-1.965713501,10.04187012,0.157989502,67998853432
-1.715774536,9.970458984,0.3269958496,67999094789
-1.651504517,9.489624023,0.3817443848,67999379646
-1.903823853,9.011169434,0.01516723633,67999663307
-2.182327271,8.254211426,-0.8727111816,67999949544
-2.13710022,7.840026855,-1.084564209,68000240472
-2.715530396,7.492492676,-0.3180847168,68000520194
-2.741714478,7.597229004,-0.1371765137,68000807753
-1.903823853,8.035217285,0.3246154785,68001094166
-1.449172974,8.075683594,0.05563354492,68001388920
-1.489639282,7.609130859,-0.5037536621,68001679958
-1.349197388,7.237792969,-0.05624389648,68001952013
-1.425369263,7.018798828,0.5721740723,68002237267
-0.3446807861,7.040222168,1.750457764,68002516638
0.3146820068,6.735534668,2.017059326,68002800059
0.02903747559,6.190429688,1.469573975,68003085139
-0.5565338135,5.854797363,0.6745300293,68003384466
0.4646453857,6.026184082,1.826629639,68003661696
1.176376343,6.230895996,2.531219482,68003951525
0.7145843506,5.704833984,2.119415283,68004227824
0.4598846436,5.488220215,2.207489014,68004513272
0.7931365967,6.066650391,2.835906982,68004975418
3.166366577,8.54699707,4.026092529,68005083279
4.063766479,11.09161377,6.708770752,68005365131
3.225875854,13.00067139,8.305999756,68005648474
1.171615601,14.47412109,10.69351196,68005940308
0.2646942139,18.10894775,11.79800415,68006263178
-0.442276001,19.53895569,14.099823,68006520813
0.5884246826,19.53895569,19.31521606,68006803937
1.752426147,19.53895569,19.31521606,68007090502
3.116378784,19.53895569,19.31521606,68007383041
6.339401245,19.53895569,19.31521606,68007679854
17.02964783,19.53895569,19.31521606,68007950751
19.6831665,19.53895569,19.31521606,68008243590
19.6831665,19.53895569,19.31521606,68008531457
19.6831665,16.57122803,19.31521606,68008818110
19.6831665,8.249450684,18.74154663,68009117694
19.6831665,0.5370483398,15.6399231,68009387086
19.6831665,-8.163208008,9.824676514,68009673603
19.6831665,-19.46044922,2.288421631,68009963234
19.61711121,-19.46044922,10.23410034,68010247508
8.136581421,-19.46044922,3.738067627,68010562698
3.254440308,-19.46044922,-5.507293701,68010820401
6.444137573,-15.07818604,-14.57650757,68011110094
7.593856812,-3.861877441,-17.22824097,68011393856
6.025192261,5.559631348,-7.697235107,68011690925
0.8574066162,14.35748291,0.4721984863,68012017351
-4.598403931,19.53895569,2.057525635,68012229387
-4.636489868,19.53895569,-0.399017334,68012503101
-4.405593872,19.53895569,-5.907196045,68012812759
-5.112564087,19.53895569,-8.766021729,68013071595
-7.68812561,14.30511475,-6.892669678,68013404228
-8.030899048,9.41583252,-2.089080811,68013685575
-7.935684204,5.566772461,0.8887634277,68013970577
-6.51222229,4.274230957,-2.662750244,68014255834
-6.283706665,3.376831055,-7.609161377,68014542123
-7.754776001,1.565368652,-7.906707764,68014814991
-9.282974243,-1.033996582,-1.251190186,68015114258
-11.68476868,-1.821899414,-0.1562194824,68015401174
-10.192276,-0.7412109375,-3.37210083,68015687020
-8.390335083,0.4822998047,-5.87387085,68015976164
-6.909744263,1.622497559,-6.811737061,68016252734
-7.42628479,1.879577637,-6.502288818,68016547526
-8.25227356,1.901000977,-5.254974365,68016833706
-8.333206177,2.072387695,-5.785797119,68017122134
-7.045425415,3.01739502,-7.79006958,68017408294
-7.395339966,3.143554688,-5.17880249,68017675742
-7.421524048,4.074279785,-5.012176514,68017979133
-6.547927856,4.812194824,-4.531341553,68018230511
-6.309890747,5.140686035,-2.684173584,68018552279
-6.933547974,5.035949707,-2.743682861,68018837764
-6.11946106,5.476318359,-5.683441162,68019084904
-6.433670044,5.316833496,-4.683685303,68019459164
-6.712173462,4.964538574,-4.338531494,68019637605
-6.709793091,4.928833008,-4.305206299,68019923840
-6.466995239,5.383483887,-4.781280518,68020208178
-6.562210083,5.78338623,-4.943145752,68020505447
-6.662185669,5.835754395,-4.614654541,68020765302
-6.31703186,6.252319336,-4.30758667,68021045006
-6.426528931,6.507019043,-4.290924072,68021384922
-5.743362427,7.102111816,-3.974334717,68021669972
-6.248001099,7.075927734,-3.971954346,68021885141
-6.343215942,6.856933594,-3.65536499,68022267325
-6.681228638,6.947387695,-3.974334717,68022549627
-6.940689087,6.897399902,-4.202850342,68022815466
-6.921646118,6.745056152,-4.062408447,68023102995
-6.286087036,6.578430176,-3.384002686,68023319953
-6.245620728,6.128540039,-3.272125244,68023733679
-6.590774536,6.133300781,-3.902923584,68024014945
-6.68598938,6.318969727,-4.229034424,68024281247
-6.383682251,6.330871582,-4.214752197,68024589018
-5.417251587,6.507019043,-3.810089111,68024798785
-4.70552063,6.099975586,-3.52444458,68025140108
-4.260391235,6.380859375,-3.722015381,68025390535
-4.086624146,5.84765625,-3.667266846,68025721299
-3.855728149,5.645324707,-3.536346436,68026006581
-3.546279907,5.647705078,-3.472076416,68026222412
-3.198745728,5.371582031,-3.269744873,68026623795
-2.675064087,5.830993652,-3.553009033,68026782181
-2.42036438,6.292785645,-2.896026611,68027064316
-2.301345825,7.152099609,-2.143829346,68027348940
-1.522964478,7.409179688,-0.9369812012,68027727127
-1.413467407,6.592712402,1.131561279,68028002584
-2.586990356,5.245422363,3.778533936,68028221123
-3.843826294,4.502746582,4.087982178,68028505807
-4.565078735,5.792907715,-1.84866333,68028790951
-3.601028442,5.514404297,-0.196685791,68029082754
-3.13923645,4.58605957,0.2460632324,68029368417
-1.520584106,3.624389648,-0.5442199707,68029648967
-0.4208526611,1.870056152,-1.627288818,68029955672
-0.5779571533,0.260925293,-1.436859131,68030224886
-2.382278442,1.134521484,-1.646331787,68030526249
-3.46534729,1.898620605,-1.815338135,68030795410
-0.8897857666,2.30090332,1.726654053,68031079068
0.2028045654,2.886474609,5.306732178,68031366053
-0.7636260986,3.14831543,6.039886475,68031650078
0.4122772217,5.788146973,8.063201904,68031950139
-1.822891235,9.203979492,9.672332764,68032234592
-1.546768188,13.47198486,16.13504028,68032529335
-2.634597778,17.73999023,19.31521606,68032811789
-3.327285767,19.53895569,19.31521606,68033077783
0.9573822021,19.53895569,19.31521606,68033365269
3.963790894,19.53895569,19.31521606,68033693403
7.548629761,19.53895569,19.31521606,68034038161
8.584091187,19.53895569,19.31521606,68034204381
15.79185486,19.53895569,19.31521606,68034490449
19.6831665,19.53895569,19.31521606,68034789161
19.6831665,19.53895569,19.31521606,68035084417
19.6831665,19.53895569,19.31521606,68035366430
19.6831665,12.8102417,19.31521606,68035654382
19.6831665,5.519165039,19.31521606,68035932099
19.6831665,-5.090148926,12.41928101,68036223005
19.6831665,-17.20385742,-6.964080811,68036505363
19.6831665,-19.46044922,-5.645355225,68036789477
10.10990906,-19.46044922,6.913482666,68037068648
3.054489136,-19.46044922,6.213653564,68037362868
3.413925171,-18.9510498,-0.7751159668,68037650896
7.881881714,-10.76971436,-7.171173096,68037917395
6.755966187,-4.683105469,-7.799591064,68038197041
4.289901733,-1.588623047,-5.485870361,68038483330
3.21635437,4.252807617,-3.417327881,68038808371
0.1694793701,10.14898682,-5.842926025,68039075168
-3.434402466,14.42175293,-2.193817139,68039362307
-4.003311157,18.32556152,0.2698669434,68039640646
-5.302993774,19.53895569,-2.972198486,68039922810
-6.824050903,19.53895569,-3.105499268,68040222202
-7.988052368,16.63311768,-1.258331299,68040501958
-8.497451782,13.56481934,-1.9581604,68040878020
-8.890213013,10.38226318,-4.174285889,68041071454
-8.914016724,7.590087891,-2.817474365,68041376183
-9.873306274,5.509643555,-1.936737061,68041629200
-9.285354614,4.486083984,-0.4894714355,68041941923
-7.288223267,5.147827148,-2.117645264,68042233469
-6.093276978,6.254699707,-6.464202881,68042499054
-6.105178833,6.459411621,-8.26852417,68042794223
-6.92640686,5.583435059,-5.397796631,68043075438
-7.776199341,4.740783691,-2.281890869,68043359637
-7.816665649,4.855041504,-1.622528076,68043640533
-7.640518188,4.952636719,-2.791290283,68043929578
-6.890701294,5.604858398,-5.662017822,68044213709
-6.045669556,5.788146973,-8.156646729,68044504543
-6.005203247,5.440612793,-6.704620361,68044785704
-6.843093872,4.790771484,-4.336151123,68045077799
-7.083511353,4.786010742,-2.834136963,68045357579
-6.916885376,5.338256836,-3.641082764,68045645510
-6.057571411,5.757202148,-5.769134521,68046057692
-5.855239868,5.71673584,-7.123565674,68046219228
-6.005203247,5.626281738,-5.528717041,68046496529
-6.340835571,5.247802734,-2.665130615,68046795986
-6.595535278,5.250183105,-2.239044189,68047069617
-5.40296936,6.04284668,-3.395904541,68047358144
-4.246109009,7.418701172,-5.062164307,68047642230
-4.591262817,7.87097168,-5.214508057,68048085244
-4.979263306,7.80670166,-4.407562256,68048221206
-5.569595337,7.266357422,-3.169769287,68048500051
-6.178970337,6.752197266,-3.821990967,68048771619
-6.364639282,6.626037598,-4.102874756,68049059007
-5.745742798,7.206848145,-4.081451416,68049378660
-5.533889771,7.761474609,-4.236175537,68049652817
-5.717178345,7.71862793,-3.441131592,68050029858
-5.802871704,7.74005127,-2.738922119,68050242859
-5.971878052,7.735290527,-3.367340088,68050517862
-5.90284729,7.91619873,-3.326873779,68050794275
-5.300613403,7.968566895,-3.010284424,68051087069
-5.276809692,7.897155762,-2.829376221,68051390021
-5.700515747,7.749572754,-2.553253174,68051672124
-6.088516235,7.673400879,-2.788909912,68051952850
-6.231338501,7.554382324,-3.02456665,68052230146
-5.77192688,7.618652344,-2.857940674,68052504933
-5.624343872,7.516296387,-2.796051025,68052785236
-5.210159302,7.378234863,-2.417572021,68053099122
-5.038772583,7.30682373,-2.408050537,68053383084
-5.398208618,7.340148926,-2.74130249,68053672815
-5.605300903,7.290161133,-2.972198486,68053957934
-5.638626099,7.135437012,-2.831756592,68054239538
-5.455337524,7.26159668,-2.836517334,68054536348
-5.231582642,7.530578613,-3.191192627,68054805535
-4.729324341,8.016174316,-3.748199463,68055265915
-4.18421936,8.423217773,-4.495635986,68055371148
-3.163040161,8.668395996,-4.926483154,68055647590
-2.755996704,8.413696289,-4.990753174,68055910567
-2.748855591,8.135192871,-4.567047119,68056221607
-2.577468872,7.978088379,-4.559906006,68056499681
-2.046646118,8.189941406,-5.064544678,68056778855
-1.075454712,8.387512207,-4.936004639,68057090749
-0.7588653564,8.475585938,-5.02645874,68057361373
-1.139724731,8.4375,-5.093109131,68057632225
-0.9897613525,7.882873535,-4.545623779,68057932916
-0.6612701416,7.361572266,-3.560150146,68058206769
-0.5970001221,7.099731445,-2.555633545,68058513412
-0.7921905518,7.266357422,-2.062896729,68058794536
-0.8302764893,7.094970703,-1.272613525,68059059639
-1.258743286,7.183044434,-0.8750915527,68059369135
-1.030227661,7.454406738,-0.1990661621,68059802109
-1.056411743,7.837646484,0.1294250488,68060052109
-1.734817505,8.039978027,-0.3633117676,68060313598
-1.558670044,7.920959473,0.7149963379,68060528729
-1.154006958,7.061645508,1.560028076,68060806226
-1.120681763,6.045227051,1.041107178,68061072350
-1.351577759,4.374206543,0.4769592285,68061375334
-2.346572876,2.643676758,-2.00100708,68061644154
-3.889053345,2.346130371,-2.874603271,68061950728
-3.367752075,1.674865723,-1.867706299,68062255891
-1.315872192,1.717712402,0.5816955566,68062508592
0.03379821777,3.134033203,3.502410889,68062867837
-1.315872192,6.004760742,4.525970459,68063056621
-1.401565552,6.511779785,3.281036377,68063335916
-0.3137359619,6.245178223,5.416229248,68063637358
-0.1090240479,5.36920166,9.448577881,68063916433
-0.4256134033,6.69744873,8.058441162,68064220273
1.295394897,9.311096191,9.791351318,68064516992
-0.2089996338,10.71551514,15.62088013,68064787822
-1.839553833,13.45294189,19.31521606,68065085633
-1.187332153,18.29699707,19.31521606,68065371884
2.642684937,19.53895569,19.31521606,68065679110
7.35105896,19.53895569,19.31521606,68065968575
12.24510193,19.53895569,19.31521606,68066256360
10.88352966,19.53895569,19.31521606,68066535008
17.92466736,19.53895569,19.31521606,68066803735
19.6831665,19.53895569,19.31521606,68067133992
19.6831665,19.53895569,19.31521606,68067379035
19.6831665,19.53895569,19.31521606,68067662731
19.6831665,11.12017822,19.31521606,68067950564
19.6831665,1.16784668,19.31521606,68068328205
19.6831665,-11.01489258,12.75015259,68068511297
19.6831665,-17.57757568,-5.190704346,68068785402
19.6831665,-19.46044922,-5.800079346,68069094577
10.50743103,-19.46044922,3.988006592,68069389773
3.832870483,-19.46044922,7.979888916,68069759066
5.665756226,-19.46044922,-3.02456665,68069911982
11.60240173,-11.57904053,-13.19351196,68070175300
7.874740601,-5.459106445,-13.48629761,68070476672
3.430587769,-2.728820801,-5.297821045,68070783120
1.238265991,3.812438965,-0.7465515137,68071054109
1.416793823,11.7557373,-3.772003174,68071401774
-0.1494903564,18.66595459,-5.247833252,68071626765
-2.958328247,19.53895569,0.005645751953,68071960691
-5.067337036,19.53895569,4.083221436,68072245765
-7.907119751,19.53895569,1.638580322,68072493650
-9.340103149,17.99707031,0.4412536621,68072846252
-8.311782837,15.32629395,-0.07528686523,68073065161
-7.609573364,12.15563965,-1.953399658,68073390901
-8.07850647,9.218261719,-3.593475342,68073676356
-7.62147522,7.74005127,-5.671539307,68073914990
-6.726455688,7.068786621,-6.242828369,68074266487
-6.400344849,6.411804199,-5.035980225,68074479080
-6.540786743,5.590576172,-4.274261475,68074821146
-7.169204712,5.147827148,-3.54586792,68075107764
-8.180862427,4.805053711,-2.815093994,68075340805
-8.849746704,4.457519531,-2.531829834,68075707385
-8.216567993,4.505126953,-2.969818115,68075908935
-7.176345825,5.071655273,-3.769622803,68076253986
-6.978775024,5.41204834,-4.776519775,68076516297
-6.597915649,5.188293457,-3.812469482,68076816316
-6.295608521,5.074035645,-3.379241943,68077177762
-5.398208618,5.02166748,-3.562530518,68077327368
-5.1197052,5.164489746,-4.071929932,68077615717
-5.550552368,5.473937988,-4.267120361,68078211822
-6.488418579,5.509643555,-4.388519287,68078422587
-6.928787231,5.82623291,-5.307342529,68078638192
-6.083755493,6.728393555,-7.342559814,68078875213
-4.676956177,7.597229004,-8.111419678,68079094448
-4.493667603,8.02331543,-5.519195557,68079352273
-4.948318481,7.963806152,-3.743438721,68079631306
-4.936416626,8.299438477,-3.543487549,68079915858
-5.214920044,7.809082031,-4.343292236,68080236068
-5.614822388,7.30682373,-3.993377686,68080520524
-6.586013794,6.528442383,-3.281646729,68080925960
-7.190628052,5.78338623,-2.648468018,68081105709
-6.876419067,5.80480957,-2.574676514,68081344641
-6.067092896,6.321350098,-3.095977783,68081643929
-5.081619263,7.08782959,-3.683929443,68081917155
-5.264907837,7.21875,-3.943389893,68082220375
-6.040908813,7.121154785,-3.500640869,68082524337
-6.509841919,7.104492188,-2.941253662,68082771587
-6.167068481,7.230651855,-3.062652588,68083055085
-5.657669067,7.421081543,-3.733917236,68083352441
-5.460098267,7.592468262,-4.671783447,68083623852
-5.660049438,7.335388184,-4.809844971,68083990817
-5.571975708,6.887878418,-4.13381958,68084308661
-5.310134888,6.637939453,-3.491119385,68084469737
-5.567214966,6.49987793,-3.80770874,68084752884
-5.836196899,6.440368652,-4.321868896,68085038107
-5.512466431,6.799804688,-4.676544189,68085372091
-4.624588013,7.125915527,-4.671783447,68085630501
-3.760513306,7.375854492,-5.076446533,68085910158
-3.779556274,7.61151123,-5.507293701,68086197015
-4.015213013,7.661499023,-5.307342529,68086479390
-4.312759399,7.682922363,-4.905059814,68086781561
-3.734329224,8.02331543,-4.457550049,68087088055
-2.641738892,8.34942627,-4.317108154,68087338846
-2.020462036,8.592224121,-4.543243408,68087622475
-1.922866821,8.782653809,-4.890777588,68087907285
-1.987136841,8.944519043,-5.164520264,68088200839
-1.78956604,8.975463867,-5.083587646,68088484142
-1.387283325,9.065917969,-4.871734619,68088768329
-0.7493438721,9.146850586,-4.493255615,68089049937
-0.5684356689,9.194458008,-4.469451904,68089336594
-0.8683624268,8.870727539,-4.076690674,68089638327
-1.068313599,8.399414063,-3.307830811,68089911191
-1.403945923,7.882873535,-2.769866943,68090251382
-1.587234497,7.663879395,-2.319976807,68090479471
-1.930007935,7.254455566,-2.205718994,68090764042
-1.858596802,6.980712891,-1.479705811,68091179648
-2.060928345,6.606994629,-0.4180603027,68091385302
-1.999038696,6.685546875,-0.0133972168,68091762940
-1.896682739,7.097351074,0.1032409668,68091919735
-1.720535278,7.571044922,0.3698425293,68092191319
-1.737197876,8.187561035,-0.1062316895,68092490568
-2.270401001,8.992126465,-0.9346008301,68092768238
-2.410842896,9.396789551,0.0627746582,68093053052
-2.348953247,9.375366211,1.022064209,68093345473
-2.127578735,9.846679688,1.110137939,68093621243
-1.325393677,9.696716309,1.700469971,68093927905
-1.192092896,9.299194336,1.955169678,68094197162
-2.808364868,8.323242188,1.095855713,68094481869
-5.238723755,6.466552734,-2.358062744,68094767191
-6.167068481,3.652954102,-4.759857178,68095051167
-4.741226196,1.372558594,-3.876739502,68095474496
-2.432266235,0.8012695313,-0.1514587402,68095647738
0.1551971436,1.401123047,3.002532959,68095908516
-1.575332642,0.04193115234,4.014190674,68096185137
-4.017593384,-0.8126220703,3.728546143,68096489903
-4.867385864,-0.2817993164,4.754486084,68096765929
4.439865112,5.014526367,13.07388306,68097050907
8.584091187,12.14849854,19.31521606,68097337146
6.560775757,15.22155762,19.31521606,68097614821
5.732406616,18.25177002,19.31521606,68097924703
7.574813843,19.53895569,19.31521606,68098378255
8.26512146,19.53895569,19.31521606,68098555041
9.510055542,19.53895569,19.31521606,68098770009
14.0922699,19.53895569,19.31521606,68099039305
16.87016296,19.53895569,19.31521606,68099342824
19.6831665,19.53895569,19.31521606,68099630334
19.6831665,19.53895569,19.31521606,68099911605
19.6831665,19.53895569,19.31521606,68100194052
19.6831665,13.35058594,19.31521606,68100472888
19.6831665,2.358032227,19.31521606,68100769018
19.6831665,-10.65545654,8.14175415,68101050360
19.6831665,-19.46044922,-7.078338623,68101336316
19.6831665,-19.46044922,-1.148834229,68101623044
18.21507263,-19.46044922,19.31521606,68101901220
14.95872498,-19.46044922,10.58163452,68102190914
10.76689148,-18.04650879,-6.91885376,68102476762
7.274887085,-14.16650391,-13.83859253,68102756935
1.764328003,-10.63641357,-13.11495972,68103048611
-0.4756011963,-6.161315918,-10.04428101,68103330709
-1.020706177,-0.5341186523,-8.480377197,68103615146
-0.8659820557,6.875976563,-7.133087158,68103904796
-2.039505005,14.43603516,-2.643707275,68104183911
-2.46321106,19.53895569,3.102508545,68104482705
-1.977615356,19.53895569,5.499542236,68104762456
-2.475112915,19.53895569,4.318878174,68105043774
-3.848587036,19.53895569,0.998260498,68105335561
-5.552932739,18.65643311,-1.30355835,68105615714
-7.340591431,13.76000977,-1.724884033,68105897856
-9.149673462,9.413452148,-1.541595459,68106173017
-8.749771118,7.770996094,-2.231903076,68106478353
-7.869033813,7.230651855,-3.245941162,68106765477
-7.819046021,6.695068359,-4.226654053,68107042289
-7.895217896,5.664367676,-3.731536865,68107335712
-7.583389282,4.674133301,-1.632049561,68107619095
-7.385818481,4.419433594,-1.931976318,68107907310
-6.497940063,4.65032959,-3.355438232,68108184689
-6.333694458,4.850280762,-4.747955322,68108489536
-7.097793579,4.526550293,-4.428985596,68108773360
-7.097793579,4.771728516,-4.290924072,68109053147
-6.752639771,5.276367188,-4.912200928,68109343118
-6.283706665,5.735778809,-4.681304932,68109633162
-5.869522095,6.045227051,-3.662506104,68109898680
-4.910232544,6.797424316,-3.122161865,68110219058
-4.688858032,7.354431152,-3.971954346,68110474723
-5.195877075,7.21875,-4.950286865,68110772345
-5.895706177,6.980712891,-4.500396729,68111040875
-6.397964478,6.747436523,-3.469696045,68111359936
-6.581253052,6.623657227,-3.810089111,68111614187
-5.783828735,6.845031738,-4.905059814,68111902185
-5.264907837,7.532958984,-4.962188721,68112202359
-5.745742798,7.43536377,-4.705108643,68112473442
-5.929031372,7.694824219,-4.040985107,68112869185
-5.391067505,7.509155273,-2.888885498,68113086212
-4.517471313,7.744812012,-2.777008057,68113328120
-4.810256958,7.894775391,-4.207611084,68113621431
-5.05305481,7.978088379,-4.640838623,68113906186
-5.014968872,7.792419434,-3.772003174,68114201848
-4.679336548,7.835266113,-3.43637085,68114501184
-4.303237915,7.954284668,-4.038604736,68114770701
-4.403213501,8.139953613,-4.769378662,68115072224
-4.386550903,8.182800293,-4.336151123,68115342252
-4.119949341,8.258972168,-3.757720947,68115635084
-3.767654419,8.399414063,-3.43637085,68115909358
-3.546279907,8.606506348,-3.550628662,68116201272
-3.293960571,8.573181152,-3.660125732,68116488012
-3.382034302,8.270874023,-3.693450928,68116775353
-3.848587036,7.861450195,-3.652984619,68117093416
-4.100906372,7.630554199,-3.879119873,68117339903
-4.179458618,7.847167969,-4.012420654,68117668716
-4.762649536,7.692443848,-4.069549561,68117917086
-4.943557739,7.58770752,-3.969573975,68118387362
-4.850723267,7.461547852,-3.833892822,68118472065
-4.845962524,7.656738281,-4.164764404,68118716105
-4.653152466,7.951904297,-4.557525635,68119003940
-4.229446411,8.094726563,-4.390899658,68119285867
-3.810501099,8.025695801,-4.369476318,68119566061
-3.332046509,7.887634277,-4.878875732,68119851774
-2.977371216,7.690063477,-4.847930908,68120139295
-2.717910767,7.940002441,-5.083587646,68120423586
-2.194229126,8.273254395,-5.769134521,68120709256
-1.7681427,8.19708252,-6.121429443,68121040717
-2.025222778,7.756713867,-6.052398682,68121304782
-2.432266235,7.056884766,-5.907196045,68121602501
-2.301345825,6.530822754,-5.226409912,68121891856
-1.756240845,6.276123047,-4.490875244,68122171146
-1.323013306,6.238037109,-3.757720947,68122504998
-1.70149231,5.983337402,-2.434234619,68122801369
-2.994033813,5.750061035,-2.562774658,68123078685
-3.205886841,5.109741211,-1.929595947,68123320647
-2.475112915,4.964538574,-0.449005127,68123664118
-0.5303497314,5.402526855,-0.4966125488,68123934374
1.159713745,6.687927246,-2.367584229,68124183667
0.2147064209,8.158996582,-2.727020264,68124516622
1.776229858,8.78503418,-2.136688232,68124755702
0.9550018311,9.601501465,-1.939117432,68125115952
0.3218231201,9.801452637,-0.3514099121,68125320238
-1.387283325,9.696716309,0.2055969238,68125638308
-2.018081665,9.494384766,1.193450928,68125981882
-1.563430786,10.13946533,2.214630127,68126201714
-2.127578735,11.03448486,2.276519775,68126478704
-1.975234985,11.56292725,2.509796143,68126761200
-1.830032349,11.8961792,2.828765869,68127101807
-2.506057739,11.99139404,2.228912354,68127435594
-2.994033813,11.26300049,2.219390869,68127626794
-2.358474731,8.865966797,0.5555114746,68127891948
-1.225418091,5.58581543,-1.191680908,68128166163
-1.453933716,2.367553711,-1.977203369,68128496490
-1.913345337,0.05383300781,-2.924591064,68128754659
-3.44392395,-1.238708496,-2.638946533,68129090967
-4.562698364,-1.974243164,-1.715362549,68129307584
-4.477005005,-1.40057373,1.086334229,68129661688
0.04570007324,1.203552246,8.55355835,68129948861
2.928329468,5.592956543,17.66799927,68130194581
1.707199097,11.58673096,18.27023315,68130519154
-0.9302520752,18.91351318,18.39401245,68130765838
0.928817749,19.53895569,19.31521606,68131093573
4.185165405,19.53895569,19.31521606,68131378526
15.02537537,19.53895569,19.31521606,68131612357
19.10771179,19.53895569,19.31521606,68131950871
19.6831665,19.53895569,19.31521606,68132231751
19.6831665,19.53895569,19.31521606,68132464336
19.6831665,19.53895569,19.31521606,68132747986
19.6831665,17.40911865,19.31521606,68132990429
19.6831665,6.26184082,19.31521606,68133312627
19.6831665,-6.646911621,13.58804321,68133635977
19.6831665,-19.46044922,-7.649627686,68133878914
16.3155365,-19.46044922,-4.352813721,68134139089
5.580062866,-19.46044922,15.4256897,68134425819
6.572677612,-19.46044922,9.084381104,68134703338
13.39482117,-14.05224609,-1.194061279,68134992097
10.27177429,-10.00561523,-6.292816162,68135291106
4.416061401,-8.686889648,-5.038360596,68135568188
3.382980347,-4.552185059,-6.5284729,68135887401
3.787643433,1.34161377,-7.954315186,68136182989
5.213485718,9.265869141,-3.907684326,68136463304
1.333480835,16.70690918,-0.7989196777,68136753483
0.3408660889,19.53895569,2.466949463,68137036615
1.23588562,19.53895569,-0.6418151855,68137332099
-0.03285217285,19.53895569,-4.795562744,68137611789
-2.263259888,19.53895569,-3.733917236,68137893615
-5.298233032,19.53895569,-1.41305542,68138185065
-7.645278931,15.51196289,-0.5418395996,68138464385
-7.892837524,11.78430176,-1.027435303,68138756833
-7.362014771,9.708618164,-2.738922119,68139038472
-6.88117981,8.047119141,-2.998382568,68139325177
-6.574111938,6.209472656,-1.286895752,68139609319
-6.976394653,4.909790039,1.2862854,68139893736
-7.331069946,3.748168945,0.1913146973,68140186054
-7.885696411,3.088806152,-3.055511475,68140464486
-7.671463013,3.2578125,-5.135955811,68140777738
-7.697647095,3.857666016,-7.054534912,68141038440
-7.692886353,3.510131836,-6.847442627,68141440835
-6.828811646,3.5625,-4.552764893,68141610644
-6.3384552,4.119506836,-2.965057373,68141878003
-5.664810181,4.940734863,-2.234283447,68142166083
-5.419631958,5.435852051,-2.591339111,68142444160
-5.041152954,5.864318848,-2.941253662,68142743687
-4.362747192,6.297546387,-4.593231201,68143048512
-4.158035278,7.06640625,-7.723419189,68143327751
-4.148513794,7.95904541,-7.461578369,68143605295
-4.724563599,8.106628418,-5.133575439,68143889242
-5.543411255,7.847167969,-2.508026123,68144177114
-5.131607056,8.228027344,-1.948638916,68144483847
-4.648391724,8.72076416,-4.283782959,68144751961
-4.24848938,9.02545166,-5.231170654,68145036352
-4.2056427,8.792175293,-4.171905518,68145318400
-4.703140259,8.32800293,-2.938873291,68145602114
-5.414871216,8.199462891,-2.272369385,68145940886
-5.617202759,8.392272949,-3.122161865,68146176447
-5.243484497,8.32800293,-2.91506958,68146461238
-5.024490356,8.006652832,-2.903167725,68146744853
-4.600784302,8.113769531,-3.186431885,68147031642
-4.427017212,8.106628418,-3.276885986,68147324360
-4.600784302,8.025695801,-3.369720459,68147615571
-4.950698853,7.820983887,-2.705596924,68147890773
-5.331558228,7.571044922,-2.474700928,68148174526
-5.391067505,7.513916016,-2.61038208,68148639593
-5.367263794,7.537719727,-2.898406982,68148730561
-4.674575806,7.725769043,-2.912689209,68149023193
-4.795974731,7.782897949,-3.022186279,68149303117
-5.219680786,8.032836914,-3.141204834,68149587118
-4.972122192,8.392272949,-3.184051514,68149901655
-4.784072876,8.504150391,-3.322113037,68150173941
-4.741226196,8.375610352,-3.467315674,68150463948
-4.619827271,8.316101074,-3.826751709,68150747193
-4.681716919,8.156616211,-4.050506592,68151030499
-4.365127563,8.244689941,-3.810089111,68151318260
-4.396072388,8.173278809,-3.648223877,68151603860
-4.355606079,8.061401367,-3.376861572,68151889678
-4.191360474,7.780517578,-3.331634521,68152174877
-3.772415161,7.621032715,-3.098358154,68152457433
-3.470108032,7.918579102,-3.148345947,68152759960
-3.458206177,8.268493652,-3.519683838,68153038624
-3.360610962,8.696960449,-3.662506104,68153322677
-3.255874634,8.725524902,-3.71963501,68153600139
-3.122573853,8.444641113,-3.54586792,68153887829
-3.255874634,8.411315918,-3.614898682,68154172628
-3.293960571,8.566040039,-4.00289917,68154462770
-3.531997681,8.730285645,-4.324249268,68154745603
-3.251113892,8.673156738,-4.005279541,68155030718
-2.648880005,8.577941895,-3.883880615,68155307237
-2.282302856,8.482727051,-3.924346924,68155606472
-2.144241333,8.444641113,-4.093353271,68155883250
-1.889541626,8.606506348,-4.383758545,68156178481
-1.732437134,8.730285645,-4.678924561,68156446825
-1.644363403,8.48034668,-4.626556396,68156746415
-1.31111145,8.156616211,-4.281402588,68157058200
-1.07069397,7.89239502,-3.707733154,68157310808
-1.177810669,7.854309082,-3.645843506,68157600712
-1.306350708,7.71862793,-3.322113037,68157881828
-1.306350708,7.461547852,-3.472076416,68158169695
-0.9183502197,7.542480469,-2.715118408,68158462269
-0.9326324463,7.309204102,-1.893890381,68158737739
-0.8326568604,7.385375977,-1.881988525,68159021877
-0.5303497314,7.825744629,-1.884368896,68159319652
-0.1161651611,7.65435791,-0.6370544434,68159595923
-0.2423248291,7.318725586,0.3222351074,68159890556
-0.696975708,7.387756348,0.2246398926,68160170123
-0.4660797119,7.997131348,-1.001251221,68160450443
-0.02333068848,8.085205078,0.717376709,68160741995
-0.6636505127,7.992370605,2.059906006,68161014597
-1.358718872,7.835266113,2.712127686,68161316436
-1.691970825,8.006652832,3.102508545,68161600141
-1.880020142,8.235168457,3.550018311,68161881955
-1.753860474,8.896911621,4.328399658,68162170409
-1.149246216,10.16326904,4.316497803,68162456499
-1.392044067,10.40844727,4.475982666,68162741386
-2.294204712,9.856201172,2.919219971,68163156993
-2.306106567,8.139953613,2.040863037,68163302269
-2.346572876,5.235900879,-0.4204406738,68163588189
-2.610794067,2.089050293,-1.9581604,68163868418
-2.489395142,0.03002929688,-1.708221436,68164176162
-3.432022095,-1.174438477,-3.222137451,68164488565
-4.055679321,-1.174438477,-3.260223389,68164770733
-1.420608521,-1.476745605,0.1698913574,68165023165
3.294906616,-0.017578125,10.80776978,68165307526
6.629806519,3.952880859,18.58920288,68165592784
7.417709351,8.109008789,15.88034058,68165894501
10.98588562,14.09326172,17.15145874,68166189249
10.1146698,19.53895569,19.31521606,68166456095
6.951156616,19.53895569,19.31521606,68166740837
11.95469666,19.53895569,19.31521606,68167026997
14.15415955,19.53895569,19.31521606,68167329552
12.50694275,19.53895569,19.31521606,68167600499
7.229660034,19.53895569,19.31521606,68167884740
14.29936218,19.53895569,19.31521606,68168175994
19.6831665,19.53895569,19.31521606,68168457949
19.6831665,19.53895569,19.31521606,68168764194
19.6831665,13.86712646,19.31521606,68169051029
19.6831665,-5.706665039,19.31521606,68169312848
19.6831665,-17.44665527,19.31521606,68169609371
19.6831665,-19.46044922,0.538848877,68169895996
19.6831665,-19.46044922,-6.228546143,68170205348
10.96684265,-19.46044922,13.29049683,68170564211
12.95207214,-19.46044922,8.251251221,68170724841
14.48265076,-14.7020874,-9.549163818,68171009051
12.94255066,-6.875427246,-19.68418884,68171342705
6.113265991,-4.352233887,-14.3598938,68171612491
0.2242279053,-2.597900391,-4.690826416,68171917870
-2.465591431,3.30065918,0.157989502,68172185934
-2.046646118,10.32751465,0.5483703613,68172471416
-2.672683716,15.53338623,-0.7584533691,68172757730
-3.677200317,18.33508301,0.1722717285,68173060234
-4.039016724,19.51098633,1.152984619,68173350120
-3.005935669,19.53895569,-0.0895690918,68173617802
-2.353713989,19.36578369,-1.327362061,68173904643
-3.27015686,16.74975586,-1.734405518,68174337902
-4.436538696,13.93615723,-0.8512878418,68174500685
-4.888809204,12.04376221,-2.158111572,68174752518
-5.541030884,10.11804199,-1.782012939,68175051493
-5.810012817,8.382751465,-0.3609313965,68175334660
-5.364883423,7.920959473,-1.120269775,68175625792
-4.505569458,8.206604004,-3.707733154,68175923563
-3.981887817,8.330383301,-5.502532959,68176218664
-4.617446899,7.859069824,-6.095245361,68176452486
-5.452957153,7.059265137,-5.195465088,68176738941
-5.743362427,6.983093262,-4.04574585,68177055929
-4.974502563,6.961669922,-3.148345947,68177383788
-4.365127563,7.5234375,-3.641082764,68177719476
-4.598403931,7.690063477,-6.035736084,68177864945
-5.050674438,7.71862793,-6.666534424,68178145840
-5.352981567,6.723632813,-4.390899658,68178631832
-5.876663208,6.24041748,-0.7822570801,68178777302
-6.09803772,6.728393555,-1.186920166,68179047215
-5.557693481,7.542480469,-3.5887146,68179345246
-4.681716919,8.009033203,-4.966949463,68179631522
-4.765029907,7.37109375,-4.483734131,68179917901
-6.281326294,6.140441895,-2.677032471,68180219678
-7.84046936,5.131164551,-4.445648193,68180445178
-8.357009888,5.614379883,-3.514923096,68180776706
-6.481277466,6.159484863,-2.28427124,68181063236
-5.829055786,6.518920898,-1.60824585,68181349261
-5.843338013,6.923583984,-1.298797607,68181652360
-5.710037231,7.178283691,-1.415435791,68181957498
-5.855239868,7.69720459,-2.724639893,68182166317
-5.514846802,8.308959961,-2.974578857,68182494827
-4.981643677,8.268493652,-2.836517334,68182783046
-4.612686157,8.018554688,-2.322357178,68183083025
-4.812637329,8.049499512,-2.517547607,68183314527
-5.602920532,8.094726563,-2.974578857,68183621793
-6.045669556,7.801940918,-2.598480225,68183898573
-6.364639282,7.801940918,-2.586578369,68184191078
-6.421768188,7.982849121,-2.710357666,68184571243
-6.25038147,7.782897949,-2.505645752,68184715256
-6.069473267,7.468688965,-1.846282959,68185016272
-6.238479614,7.418701172,-1.643951416,68185292645
-6.355117798,7.452026367,-2.120025635,68185576989
-6.345596313,7.63293457,-2.253326416,68185986618
-6.052810669,7.830505371,-2.248565674,68186158615
-5.319656372,8.025695801,-2.424713135,68186444302
-4.427017212,8.142333984,-2.453277588,68186790132
-4.008071899,8.208984375,-2.705596924,68187004762
-4.660293579,7.994750977,-3.224517822,68187378154
-5.129226685,7.490112305,-3.012664795,68187651763
-5.16255188,7.471069336,-2.974578857,68187870099
-4.410354614,7.606750488,-2.743682861,68188159923
-3.931900024,7.651977539,-2.619903564,68188446238
-3.889053345,7.775756836,-2.746063232,68188734985
-4.22706604,8.163757324,-3.157867432,68189013220
-3.998550415,8.473205566,-3.538726807,68189299019
-3.593887329,8.737426758,-4.026702881,68189584851
-3.032119751,8.832641602,-4.255218506,68189941204
-2.794082642,8.663635254,-4.226654053,68190155177
-2.344192505,8.50177002,-3.736297607,68190439049
-1.661026001,8.339904785,-3.184051514,68190726120
-1.830032349,8.020935059,-3.100738525,68191014738
-2.218032837,7.735290527,-3.207855225,68191314023
-2.032363892,7.618652344,-3.193572998,68191743625
-1.858596802,7.518676758,-2.707977295,68191857610
-1.849075317,7.45916748,-2.665130615,68192141025
-1.96333313,8.116149902,-2.703216553,68192427279
-1.834793091,8.223266602,-2.450897217,68192894670
-1.863357544,8.249450684,-1.905792236,68193013223
-1.749099731,8.392272949,-1.934356689,68193300945
-0.6588897705,7.637695313,-1.06552124,68193580182
-0.3351593018,7.025939941,-0.9488830566,68193871068
-0.5660552979,6.797424316,-1.270233154,68194157434
-1.275405884,6.797424316,-1.101226807,68194442778
-1.691970825,7.090209961,-1.001251221,68194750471
-1.468215942,7.742431641,-0.7251281738,68195030343
-1.139724731,7.999511719,0.3388977051,68195300007
-0.8516998291,8.025695801,0.793548584,68195603632
-0.5660552979,8.497009277,1.67666626,68195883072
-0.8040924072,9.137329102,1.374359131,68196154384
-1.306350708,9.449157715,2.195587158,68196439810
-1.449172974,9.541992188,3.216766357,68196746738
-1.394424438,10.21563721,3.59286499,68197023275
-1.301589966,10.79168701,3.878509521,68197299048
-1.37538147,11.09161377,4.237945557,68197584346
-1.144485474,10.7678833,3.854705811,68197866831
-1.246841431,8.67791748,2.228912354,68198158539
-2.218032837,5.50012207,-2.546112061,68198444389
-2.74647522,2.684143066,-2.991241455,68198725817
-3.693862915,1.272583008,-2.508026123,68199002130
-4.572219849,0.8322143555,-3.367340088,68199294124
-6.16468811,-0.5436401367,-2.086700439,68199620606
-3.253494263,-1.357727051,2.236053467,68199853013
3.594833374,1.405883789,11.00534058,68200163615
4.949264526,5.602478027,14.71633911,68200440741
3.609115601,7.418701172,14.32119751,68200744360
6.54649353,13.6005249,19.31521606,68201013988
1.016891479,19.53895569,19.31521606,68201296435
4.787399292,19.53895569,19.31521606,68201583479
5.551498413,19.53895569,19.31521606,68201867623
8.845932007,19.53895569,19.31521606,68202164540
18.52452087,19.53895569,19.31521606,68202445431
19.6831665,19.53895569,19.31521606,68202733137
19.6831665,19.53895569,19.31521606,68203010296
19.6831665,19.53895569,19.31521606,68203292911
19.6831665,19.4395752,19.31521606,68203593882
19.6831665,9.246826172,19.31521606,68203871594
19.6831665,0.5180053711,19.31521606,68204152218
19.6831665,-13.36193848,12.94772339,68204453557
19.6831665,-19.46044922,-5.37399292,68204723212
19.6831665,-19.46044922,13.20956421,68205016876
19.6831665,-19.46044922,13.48092651,68205300539
18.49119568,-19.46044922,0.6578674316,68205580187
13.43052673,-19.46044922,-8.394683838,68205871707
5.063522339,-19.46044922,-13.26254272,68206455955
1.231124878,-15.08294678,-11.67959595,68206618435
2.58555603,-8.208435059,-11.7414856,68206848766
3.625778198,-0.2151489258,-14.03616333,68207048091
3.444869995,7.644836426,-11.56771851,68207296206
3.071151733,14.1194458,0.8911437988,68207574213
2.540328979,19.53895569,11.58853149,68207883647
-0.4208526611,19.53895569,10.10079956,68208160366
-3.077346802,19.53895569,3.269134521,68208426391
-3.936660767,19.53895569,-0.4537658691,68208719674
-3.101150513,19.53895569,-4.088592529,68209005462
-3.296340942,18.43267822,-4.212371826,68209288158
-4.265151978,16.42840576,-2.488983154,68209592687
-7.01210022,14.07897949,-1.234527588,68209855475
-7.84046936,12.63885498,-2.555633545,68210138846
-7.135879517,12.42700195,-5.257354736,68210434296
-5.614822388,11.36773682,-6.640350342,68210774032
-4.805496216,9.784790039,-5.376373291,68211001091
-6.093276978,7.575805664,-4.905059814,68211291508
-7.930923462,5.547729492,-4.607513428,68211574204
-8.480789185,4.436096191,-3.926727295,68211861317
-7.814285278,4.162353516,-4.321868896,68212147222
-6.367019653,3.940979004,-3.798187256,68212438260
-5.536270142,3.476806641,-3.760101318,68212718183
-6.378921509,3.288757324,-3.298309326,68213007481
-7.711929321,3.038818359,-3.493499756,68213300482
-7.461990356,3.522033691,-5.52633667,68213662369
-5.683853149,4.490844727,-7.916229248,68213864398
-3.243972778,6.459411621,-5.254974365,68214133934
-3.232070923,6.547485352,-3.433990479,68214440432
-4.188980103,6.399902344,-2.450897217,68214714534
-4.79359436,6.949768066,-2.493743896,68215006855
-5.112564087,7.766235352,-3.931488037,68215294162
-4.795974731,8.535095215,-4.778900146,68215571966
-4.462722778,8.930236816,-4.766998291,68215854482
-4.681716919,8.642211914,-4.031463623,68216155668
-4.845962524,8.297058105,-3.174530029,68216426584
-5.022109985,8.059020996,-2.424713135,68216740485
-5.176834106,7.949523926,-2.512786865,68216998656
-5.94569397,7.992370605,-2.905548096,68217291022
-6.288467407,8.232788086,-3.891021729,68217581689
-5.840957642,8.380371094,-3.819610596,68217854219
-5.138748169,8.066162109,-3.231658936,68218179285
-5.245864868,7.835266113,-3.08883667,68218428264
-5.383926392,7.906677246,-3.650604248,68218739057
-5.174453735,7.854309082,-3.438751221,68219026630
-4.822158813,7.687683105,-3.362579346,68219285944
-4.712661743,7.528198242,-3.06741333,68219584151
-5.169692993,7.409179688,-3.600616455,68219858619
-5.679092407,7.361572266,-3.833892822,68220153929
-5.602920532,7.056884766,-3.724395752,68220482613
-5.012588501,6.726013184,-3.764862061,68220822932
-4.196121216,6.959289551,-3.652984619,68221006307
-3.743850708,7.242553711,-3.722015381,68221285845
-3.208267212,7.671020508,-4.362335205,68221625182
-2.939285278,7.811462402,-4.588470459,68221859739
-2.70362854,7.713867188,-4.747955322,68222157965
-2.213272095,7.854309082,-5.3097229,68222465815
-1.925247192,7.637695313,-5.302581787,68222727735
-1.706253052,7.04498291,-4.538482666,68223020085
-1.408706665,6.806945801,-3.957672119,68223315514
-1.382522583,6.833129883,-3.495880127,68223589088
-0.7541046143,7.035461426,-3.407806396,68223921120
-0.1018829346,7.347290039,-3.857696533,68224162189
-0.03999328613,7.28302002,-3.245941162,68224448891
-0.2256622314,6.802185059,-2.807952881,68224732979
0.2813568115,6.704589844,-1.574920654,68225019847
0.140914917,7.442504883,-2.574676514,68225300151
0.4360809326,8.54699707,-3.533966064,68225597084
1.212081909,8.865966797,-3.303070068,68226067768
1.426315308,8.649353027,-1.834381104,68226315203
1.45249939,8.304199219,0.4602966309,68226526683
1.2787323,8.7421875,1.391021729,68226742753
0.5860443115,9.325378418,1.455291748,68226958369
0.1099700928,9.684814453,1.890899658,68227236282
-0.4732208252,9.784790039,2.821624756,68227534905
-1.52772522,10.01568604,3.704742432,68227813482
-2.584609985,10.36798096,4.047515869,68228075254
-3.79145813,10.45129395,5.18057251,68228374406
-4.869766235,11.02972412,5.756622314,68228668603
-5.602920532,10.79882813,3.226287842,68229026783
-3.496292114,10.58221436,2.883514404,68229289785
-0.544631958,10.93927002,2.455047607,68229560948
0.4027557373,10.19659424,2.167022705,68229888063
-1.544387817,9.056396484,1.705230713,68230174149
-4.372268677,7.887634277,-1.546356201,68230468855
-5.050674438,6.985473633,-1.184539795,68230748734
-2.872634888,6.221374512,1.878997803,68231018148
-1.625320435,5.054992676,3.209625244,68231320005
-2.437026978,2.596069336,1.274383545,68231607469
-5.148269653,-0.1032714844,-3.179290771,68231893553
-4.876907349,-1.809997559,-3.150726318,68232179282
-1.451553345,-1.824279785,2.283660889,68232451534
5.372970581,0.1657104492,13.32620239,68232754390
6.410812378,2.262817383,18.70108032,68233039851
4.811203003,5.204956055,11.65518188,68233324902
5.365829468,12.59124756,9.129608154,68233610579
11.91899109,19.53895569,19.31521606,68233889543
14.92539978,19.53895569,19.31521606,68234154295
15.5085907,19.53895569,19.31521606,68234611465
19.6831665,19.53895569,19.31521606,68234801943
19.6831665,19.53895569,19.31521606,68235017989
19.6831665,19.53895569,19.31521606,68235284360
19.6831665,15.47625732,19.31521606,68235554501
19.6831665,10.51318359,19.31521606,68235858360
19.6831665,5.200195313,19.31521606,68236138750
19.6831665,-5.385314941,19.31521606,68236475217
19.6831665,-19.46044922,8.077484131,68236742975
19.6831665,-19.46044922,-6.126190186,68237048738
15.93943787,-19.46044922,9.800872803,68237335279
14.47312927,-19.46044922,6.430267334,68237622337
12.2141571,-19.46044922,-18.00662231,68237907602
12.16893005,-18.27026367,-19.68418884,68238217485
7.796188354,-14.42120361,-14.29562378,68238493317
3.911422729,-9.510498047,-5.195465088,68238769172
5.715744019,-2.114685059,-2.412811279,68239052351
5.699081421,6.014282227,-4.7003479,68239338036
2.856918335,13.13397217,-1.605865479,68239650150
-5.262527466,16.89257813,2.336029053,68239854171
-6.835952759,19.53895569,7.09677124,68240197370
-7.409622192,19.53895569,4.940155029,68240483466
-7.835708618,19.53895569,2.102752686,68240770721
-7.609573364,19.53895569,1.029205322,68241008434
-8.095169067,16.18322754,-0.001495361328,68241281608
-8.406997681,11.49389648,-1.472564697,68241567895
-6.85975647,9.282531738,-3.424468994,68242009992
-6.897842407,7.671020508,-3.812469482,68242195095
-7.669082642,5.581054688,-1.962921143,68242409456
-7.585769653,4.333740234,-1.155975342,68242695894
-6.807388306,4.805053711,-3.19833374,68242976419
-6.121841431,5.485839844,-5.747711182,68243275533
-5.607681274,5.495361328,-5.469207764,68243563497
-6.200393677,4.893127441,-3.236419678,68243849772
-7.024002075,4.993103027,-1.929595947,68244133588
-7.70954895,5.366821289,-3.714874268,68244418017
-6.797866821,6.21661377,-4.936004639,68244707371
-6.014724731,6.754577637,-4.928863525,68244989168
-5.812393188,6.9140625,-4.978851318,68245273806
-6.636001587,6.906921387,-4.15524292,68245563281
-6.79548645,7.17590332,-3.895782471,68245847213
-6.38130188,7.516296387,-3.207855225,68246124518
-5.667190552,7.918579102,-2.612762451,68246422706
-4.272293091,8.120910645,-2.660369873,68246706903
-5.000686646,7.875732422,-5.39541626,68247003154
-6.059951782,7.513916016,-6.887908936,68247266444
-6.27180481,6.904541016,-5.012176514,68247548681
-6.55506897,6.290405273,-2.212860107,68247853236
-6.312271118,6.768859863,-2.641326904,68248130967
-5.298233032,7.723388672,-4.302825928,68248416441
-5.248245239,8.213745117,-5.159759521,68248705786
-5.829055786,8.15423584,-4.476593018,68248975878
-5.562454224,8.042358398,-2.560394287,68249310351
-5.20539856,7.87097168,-1.229766846,68249547966
-5.203018188,7.797180176,-1.712982178,68249854446
-5.036392212,7.787658691,-2.646087646,68250140487
-5.264907837,7.456787109,-3.576812744,68250410749
-5.429153442,7.411560059,-3.886260986,68250705974
-5.909988403,7.442504883,-3.910064697,68250993376
-5.472000122,7.537719727,-3.312591553,68251271915
-4.974502563,7.65435791,-2.910308838,68251560182
-4.957839966,7.582946777,-3.826751709,68251844581
-4.855484009,7.521057129,-4.100494385,68252133086
-4.474624634,7.616271973,-3.224517822,68252415915
-4.755508423,7.875732422,-2.912689209,68252699876
-5.064956665,7.766235352,-2.481842041,68252989267
-5.05305481,7.825744629,-2.496124268,68253269497
-4.715042114,8.204223633,-3.56729126,68253594359
-3.912857056,8.511291504,-4.0909729,68253931739
-3.46534729,8.680297852,-4.478973389,68254130756
-3.46534729,8.48034668,-4.626556396,68254416186
-3.77003479,8.080444336,-4.129058838,68254700133
-4.089004517,7.804321289,-3.919586182,68254986782
-4.210403442,7.890014648,-3.983856201,68255278476
-3.881912231,8.094726563,-4.414703369,68255565867
-3.127334595,8.358947754,-4.409942627,68255845389
-3.208267212,8.477966309,-4.559906006,68256211748
-3.320144653,8.411315918,-4.552764893,68256501994
-3.389175415,8.199462891,-4.233795166,68256713725
-3.553421021,8.047119141,-4.131439209,68256968014
-3.815261841,8.004272461,-4.248077393,68257280999
-3.593887329,8.028076172,-3.636322021,68257566722
-3.701004028,8.075683594,-3.553009033,68257844973
-3.66053772,8.385131836,-3.948150635,68258125882
-3.865249634,8.258972168,-4.255218506,68258412272
-3.822402954,8.223266602,-3.910064697,68258700796
-3.641494751,8.399414063,-4.179046631,68258986456
-3.148757935,8.696960449,-4.452789307,68259272663
-2.744094849,8.765991211,-4.517059326,68259555486
-2.456069946,8.613647461,-4.448028564,68259848263
-2.160903931,8.323242188,-4.419464111,68260128905
-1.451553345,7.973327637,-4.540863037,68260406969
-0.8159942627,7.528198242,-5.031219482,68260699977
-0.0518951416,7.161621094,-4.705108643,68260981614
0.3813323975,6.692687988,-3.988616943,68261326174
0.3265838623,6.19519043,-3.353057861,68261557418
-0.1447296143,6.171386719,-3.286407471,68261834575
0.1790008545,6.357055664,-3.017425537,68262134003
1.407272339,6.583190918,-2.519927979,68262409857
2.130905151,7.04498291,-2.198577881,68262733231
1.666732788,6.733154297,-1.829620361,68263021408
0.8050384521,6.692687988,-0.4989929199,68263340753
0.2242279053,6.904541016,-0.2252502441,68263661810
-0.009048461914,6.837890625,0.07229614258,68263877304
0.5146331787,6.285644531,0.3008117676,68264250988
1.219223022,5.840515137,0.693572998,68264467724
1.631027222,6.940246582,-0.4870910645,68264693346
1.795272827,7.770996094,-1.841522217,68264979851
1.371566772,8.287536621,-1.943878174,68265264161
1.059738159,7.737670898,-1.0440979,68265567286
0.3456268311,5.778625488,0.6316833496,68265844206
-0.5612945557,4.833618164,1.381500244,68266129860
-2.934524536,4.60748291,-1.184539795,68266399423
-2.044265747,4.707458496,-0.9179382324,68266777957
-0.1518707275,5.028808594,4.204620361,68266975973
-1.377761841,5.104980469,7.410980225,68267278305
-3.746231079,5.757202148,5.413848877,68267555722
-0.5089263916,8.304199219,10.51974487,68267829203
2.442733765,12.46032715,19.31521606,68268128607
1.883346558,18.47076416,19.31521606,68268417386
3.913803101,19.53895569,19.31521606,68268702635
4.594589233,19.53895569,19.31521606,68268986982
5.815719604,19.53895569,19.31521606,68269271058
6.053756714,19.53895569,19.31521606,68269550880
7.958053589,19.53895569,19.31521606,68269840054
15.95133972,19.53895569,19.31521606,68270136100
19.6831665,19.53895569,19.31521606,68270514382
19.6831665,19.53895569,19.31521606,68270693050
19.6831665,17.07824707,19.31521606,68270971967
19.6831665,3.695800781,19.31521606,68271255363
19.6831665,-6.523132324,14.02365112,68271590161
19.6831665,-18.00366211,8.608306885,68271883406
19.6831665,-19.46044922,-12.29849243,68272124716
15.87516785,-19.46044922,-0.1062316895,68272407330
12.1570282,-19.46044922,5.575714111,68272694445
17.32719421,-19.46044922,-2.91506958,68272986475
16.56785583,-12.93109131,-12.19851685,68273283540
9.000656128,-9.639038086,-9.213531494,68273553172
3.989974976,-5.044921875,-2.120025635,68273839662
2.461776733,1.296386719,0.0270690918,68274129784
2.007125854,9.277770996,-2.943634033,68274413060
3.382980347,19.30865479,-1.834381104,68274730585
1.171615601,19.53895569,7.299102783,68274990949
-2.270401001,19.53895569,12.48355103,68275270499
-4.8150177,19.53895569,7.644256592,68275557217
-5.295852661,19.53895569,2.145599365,68275891810
-4.998306274,19.53895569,1.010162354,68276148600
-6.117080688,18.37316895,-1.474945068,68276422619
-7.492935181,14.40270996,-1.291656494,68276701904
-7.854751587,11.64624023,-0.0514831543,68276997745
-6.566970825,10.63458252,0.2389221191,68277266760
-5.831436157,9.715759277,-0.6489562988,68277695956
-5.688613892,8.780273438,-1.546356201,68277823175
-6.233718872,8.056640625,-2.462799072,68278120075
-6.619338989,7.390136719,-2.474700928,68278392473
-6.455093384,6.961669922,-1.379730225,68278673342
-7.169204712,6.059509277,-0.729888916,68278991341
-7.016860962,5.464416504,-0.220489502,68279259855
-4.469863892,6.226135254,-1.529693604,68279572665
-4.039016724,6.728393555,-4.74319458,68279859376
-4.37940979,6.721252441,-6.704620361,68280165217
-4.22706604,6.735534668,-5.564422607,68280555717
-3.710525513,6.95690918,-3.533966064,68280690780
-3.172561646,7.330627441,-1.993865967,68280989922
-3.301101685,8.399414063,-2.488983154,68281302797
-3.493911743,8.882629395,-4.312347412,68281553526
-3.68196106,8.28515625,-5.088348389,68281879350
-4.319900513,7.497253418,-3.905303955,68282401899
-5.519607544,6.628417969,-2.824615479,68282444930
-6.114700317,6.514160156,-2.710357666,68282699372
-4.955459595,7.582946777,-3.664886475,68283007269
-3.934280396,9.127807617,-5.274017334,68283291975
-3.884292603,9.268249512,-5.488250732,68283530394
-4.231826782,8.511291504,-3.714874268,68283837250
-5.18397522,7.942382813,-2.746063232,68284132222
-5.94569397,7.699584961,-3.093597412,68284377346
-5.831436157,7.87097168,-3.874359131,68284672090
-4.765029907,8.109008789,-3.798187256,68284931619
-4.381790161,7.854309082,-4.000518799,68285216007
-5.007827759,7.266357422,-4.02432251,68285511815
-5.136367798,7.021179199,-3.472076416,68285783974
-5.007827759,7.190185547,-2.988861084,68286183179
-4.353225708,7.373474121,-2.798431396,68286460118
-3.736709595,7.673400879,-3.367340088,68286722100
-4.131851196,7.678161621,-4.131439209,68287018636
-4.479385376,7.590087891,-4.878875732,68287269649
-4.579360962,7.89239502,-5.338287354,68287609801
-3.974746704,8.130432129,-5.302581787,68287876492
-3.432022095,8.013793945,-4.976470947,68288163794
-3.484390259,7.556762695,-4.797943115,68288449420
-3.122573853,7.761474609,-4.745574951,68288706935
-2.903579712,8.018554688,-5.185943604,68289039003
-3.058303833,8.054260254,-5.257354736,68289321434
-2.896438599,8.194702148,-5.105010986,68289594594
-2.684585571,8.020935059,-5.202606201,68289881461
-2.908340454,7.759094238,-5.476348877,68290129822
-2.644119263,7.932861328,-5.447784424,68290468923
-2.408462524,8.037597656,-5.550140381,68290745369
-2.065689087,8.013793945,-5.542999268,68291026803
-1.808609009,7.98046875,-5.473968506,68291317358
-1.965713501,8.113769531,-5.654876709,68291553485
-2.258499146,8.025695801,-5.911956787,68292090375
-2.025222778,8.163757324,-5.692962646,68292307106
-1.461074829,8.201843262,-5.647735596,68292522348
-1.142105103,8.142333984,-6.119049072,68292736695
-1.175430298,8.08996582,-5.662017822,68293007204
-1.194473267,7.699584961,-4.181427002,68293310927
-1.708633423,7.28302002,-3.802947998,68293539420
-1.949050903,6.564147949,-4.54800415,68293895620
-1.511062622,5.773864746,-4.233795166,68294144023
-0.9921417236,5.885742188,-4.793182373,68294402180
-0.5827178955,5.959533691,-4.343292236,68294688831
-0.5470123291,5.845275879,-3.752960205,68294978641
0.19090271,6.218994141,-3.010284424,68295258391
1.166854858,6.683166504,-2.565155029,68295546838
1.790512085,7.171142578,-1.732025146,68295838187
1.8881073,7.628173828,-1.110748291,68296112337
1.607223511,8.109008789,-1.053619385,68296395235
1.200180054,8.980224609,-1.182159424,68296722721
0.6955413818,8.949279785,-0.2847595215,68296990568
0.3813323975,8.754089355,0.6745300293,68297236508
0.5360565186,9.28729248,0.5840759277,68297682912
0.5241546631,9.753845215,1.02444458,68297897852
1.228744507,10.74884033,1.579071045,68298143298
1.383468628,11.75097656,1.52432251,68298412235
0.8954925537,11.93188477,1.859954834,68298693564
-0.1328277588,11.97235107,2.483612061,68298968867
-0.7541046143,11.64385986,2.926361084,68299248232
-1.777664185,10.96069336,2.790679932,68299568797
-3.015457153,10.17279053,3.016815186,68299829167
-3.517715454,8.449401855,1.800445557,68300093417
-3.279678345,6.040466309,-0.5489807129,68300395892
-2.060928345,3.412536621,-0.2014465332,68300690236
-2.548904419,0.6989135742,-0.6227722168,68300977652
-3.384414673,-0.3175048828,-1.610626221,68301259493
-5.176834106,-1.483886719,-2.422332764,68301548066
-3.174942017,-0.7412109375,0.5483703613,68301834348
-2.306106567,0.108581543,6.658782959,68302115782
0.1004486084,4.969299316,13.6546936,68302393669
4.851669312,10.034729,19.31521606,68302749357
3.69480896,17.47338867,19.31521606,68302979557
5.810958862,19.53895569,19.31521606,68303263836
10.56694031,19.53895569,19.31521606,68303546887
13.08537292,19.53895569,19.31521606,68303832285
14.27079773,19.53895569,19.31521606,68304116717
18.01036072,19.53895569,19.31521606,68304404277
19.6831665,19.53895569,19.31521606,68304691262
19.6831665,19.53895569,19.31521606,68304975075
19.6831665,19.53895569,19.31521606,68305263434
19.6831665,19.53895569,19.31521606,68305550024
19.6831665,8.72076416,19.31521606,68305830668
19.6831665,-4.264160156,19.31521606,68306128053
19.6831665,-19.46044922,9.684234619,68306427910
19.6831665,-19.46044922,-11.77719116,68306756646
-1.863357544,-19.46044922,5.440032959,68306985156
10.66215515,-19.46044922,6.256500244,68307237734
15.6157074,-19.46044922,-4.890777588,68307558894
19.6831665,-8.708312988,-11.05355835,68307823028
14.52073669,-3.938049316,-9.489654541,68308113196
4.937362671,-3.440551758,-3.65536499,68308468923
0.2956390381,1.046447754,-2.672271729,68308687596
0.5598602295,7.71862793,-5.50491333,68308976224
-0.1447296143,15.3548584,-2.538970947,68309261341
-1.734817505,18.97064209,3.497650146,68309538025
-1.85383606,19.53895569,7.839447021,68309832956
-4.610305786,19.53895569,7.372894287,68310138469
-6.300369263,19.53895569,4.602142334,68310390390
-5.724319458,19.53895569,-1.277374268,68310671866
-6.571731567,17.89471436,-5.328765869,68310952225
-5.77192688,16.17370605,-5.485870361,68311235734
-4.85786438,14.88592529,-5.564422607,68311525723
-5.869522095,13.06256104,-4.593231201,68311805363
-7.245376587,11.03686523,-2.136688232,68312095930
-7.64289856,9.54675293,-0.1038513184,68312379961
-6.457473755,8.999267578,-0.4585266113,68312664437
-5.717178345,8.651733398,-2.903167725,68312951686
-4.626968384,7.825744629,-4.583709717,68313253372
-4.798355103,6.423706055,-4.63369751,68313598243
-6.238479614,4.595581055,-3.248321533,68313929207
-7.509597778,3.238769531,-1.97958374,68314091936
-6.85975647,3.21496582,-2.210479736,68314378188
-5.760025024,4.359924316,-5.016937256,68314717638
-4.624588013,5.861938477,-7.821014404,68314967398
-4.669815063,6.514160156,-8.489898682,68315258288
-4.922134399,6.852172852,-6.15713501,68315544587
-5.388687134,7.216369629,-3.814849854,68315827196
-4.569839478,7.873352051,-3.386383057,68316160528
-3.565322876,9.039733887,-3.717254639,68316399843
-3.950942993,9.401550293,-5.15737915,68316688690
-4.365127563,8.973083496,-6.083343506,68316984592
-4.867385864,7.842407227,-4.802703857,68317265007
-5.188735962,6.880737305,-2.829376221,68317551642
-5.548171997,6.699829102,-2.696075439,68317831067
-5.255386353,6.845031738,-3.902923584,68318126438
-4.42225647,7.156860352,-4.736053467,68318439086
-4.065200806,7.375854492,-4.821746826,68318685426
-4.067581177,7.747192383,-4.219512939,68318979322
-4.405593872,7.878112793,-3.705352783,68319255858
-4.44367981,8.035217285,-3.441131592,68319541429
-4.234207153,8.201843262,-3.67678833,68319826279
-4.162796021,8.06854248,-3.907684326,68320115124
-4.284194946,7.749572754,-3.745819092,68320409080
-4.87928772,7.535339355,-3.976715088,68320757895
-4.822158813,7.80670166,-4.157623291,68320951362
-4.143753052,8.256591797,-4.445648193,68321252186
-3.941421509,8.278015137,-4.574188232,68321521316
-3.898574829,7.994750977,-4.488494873,68321870689
-3.722427368,7.847167969,-4.152862549,68322126897
-3.829544067,7.737670898,-3.948150635,68322399432
-3.958084106,7.949523926,-3.891021729,68322682182
-4.039016724,8.101867676,-4.386138916,68322968366
