-6.069473267,5.000244141,1.510040283,58234403846
-5.469619751,4.762207031,1.107757568,58234650913
-6.99067688,3.936218262,0.919708252,58234950840
-8.414138794,3.886230469,0.5055236816,58235235044
-9.970901489,4.381347656,0.2722473145,58235523636
-7.949966431,7.913818359,0.5459899902,58235806682
-6.586013794,10.21325684,0.7792663574,58236080982
-4.343704224,13.1149292,1.348175049,58236381511
-4.288955688,13.0982666,1.226776123,58236669402
-4.18421936,11.81048584,-0.1371765137,58236955294
-4.717422485,9.311096191,-0.2133483887,58237246982
-4.526992798,6.726013184,0.4745788574,58237509356
-4.453201294,4.179016113,0.9316101074,58237812513
-3.905715942,3.286376953,0.1246643066,58238095227
-3.353469849,3.800537109,0.2722473145,58238382233
-4.11756897,4.795532227,2.56930542,58238664933
-5.331558228,6.076171875,2.555023193,58238950373
-6.252761841,7.092590332,1.819488525,58239237912
-6.600296021,7.649597168,1.512420654,58239523736
-6.524124146,7.873352051,-0.6418151855,58239813522
-5.552932739,7.456787109,-2.150970459,58240134481
-3.534378052,6.561767578,-3.4815979,58240374556
-2.946426392,4.514648438,-4.245697021,58240666787
-1.956192017,2.269958496,-3.602996826,58240951381
0.2337493896,0.7917480469,-1.691558838,58241243788
4.17326355,1.672485352,-0.3537902832,58241531238
3.742416382,1.158325195,0.5745544434,58241800420
4.223251343,0.9821777344,2.605010986,58242096964
2.430831909,0.6846313477,4.495025635,58242379276
2.011886597,1.40826416,4.276031494,58242664743
0.04093933105,3.160217285,4.178436279,58242950237
-3.815261841,5.147827148,5.666168213,58243238361
-5.895706177,6.937866211,7.282440186,58243524297
-5.591018677,6.883117676,7.40145874,58243808013
-2.977371216,8.535095215,9.59854126,58244093733
-1.94190979,8.777893066,13.47140503,58244377960
-2.634597778,9.327758789,12.85250854,58244694358
-5.493423462,9.63482666,9.562835693,58244951080
-7.609573364,11.26538086,7.403839111,58245233220
-8.004714966,11.42010498,14.99960327,58245517806
-11.38722229,12.46746826,19.31521606,58245802321
-16.42884827,16.42602539,16.32070923,58246091122
-19.3162384,19.53895569,19.31521606,58246379686
-19.3162384,19.53895569,19.31521606,58246674080
-19.3162384,19.53895569,19.31521606,58246946927
-19.3162384,7.152099609,19.31521606,58247232112
-9.302017212,-2.402709961,19.31521606,58247521570
8.565048218,-1.07208252,19.31521606,58247809606
19.6831665,1.724853516,19.31521606,58248088675
19.6831665,-0.3032226563,4.89730835,58248380212
19.6831665,-9.624755859,-5.514434814,58248661974
19.6831665,-19.46044922,12.9548645,58248947462
19.6831665,-19.46044922,19.31521606,58249259980
15.69664001,-16.82061768,3.345306396,58249519061
2.502243042,-4.287963867,-6.41897583,58249811188
2.242782593,11.62243652,0.03897094727,58250093530
0.6146087646,19.11584473,7.199127197,58250386934
-4.438919067,18.76831055,9.405731201,58250666297
-10.15895081,16.87591553,9.167694092,58250948350
-9.935195923,19.53895569,13.88320923,58251235132
-10.69691467,19.53895569,6.404083252,58251543700
-14.22938538,18.2612915,0.3246154785,58251804749
-13.13679504,14.16467285,6.492156982,58252093437
-11.17298889,12.44366455,14.73300171,58252376557
-12.85115051,10.76312256,7.975128174,58252659437
-10.47315979,8.073303223,2.021820068,58252946454
-8.116592407,3.641052246,5.606658936,58253232147
-6.074234009,-0.2103881836,6.020843506,58253521019
-3.539138794,-2.445556641,1.526702881,58253805506
-1.292068481,-3.77142334,-5.900054932,58254088667
-1.59437561,-5.437683105,-8.539886475,58254374572
-2.739334106,-5.035400391,-3.631561279,58254665314
-4.512710571,-3.821411133,3.04776001,58254964217
-7.588150024,1.363037109,1.490997314,58255263353
-10.13752747,7.118774414,-1.82723999,58255554570
-9.785232544,11.20111084,-1.210723877,58255829219
-9.313919067,13.56719971,2.019439697,58256113845
-9.390090942,13.54101563,3.952301025,58256398339
-8.364151001,12.44604492,4.011810303,58256684958
-6.733596802,10.50128174,-0.6084899902,58256970437
-4.603164673,8.511291504,-4.088592529,58257258005
-2.09425354,6.416564941,-4.869354248,58257542885
0.1956634521,4.595581055,-2.017669678,58257829940
0.5265350342,3.612487793,-0.2680969238,58258112194
-0.3042144775,2.591308594,-1.798675537,58258400496
-0.6184234619,0.8560180664,-1.258331299,58258688323
-0.2232818604,-0.8673706055,1.736175537,58258971722
-2.408462524,-4.211791992,4.166534424,58259259588
-0.8778839111,-4.476013184,2.359832764,58259541207
1.112106323,-2.852600098,0.3008117676,58259828277
1.438217163,-1.174438477,-2.400909424,58260112808
0.3837127686,-1.319641113,-0.7441711426,58260399534
-1.215896606,-0.04376220703,1.536224365,58260686300
-0.9445343018,4.371826172,1.06729126,58260970727
-4.165176392,10.13946533,0.9506530762,58261255527
-5.876663208,13.59576416,2.957305908,58261539190
-4.557937622,15.68334961,8.408355713,58261838668
-4.465103149,16.20465088,13.1690979,58262115010
-6.236099243,15.88568115,13.45950317,58262396456
-7.369155884,15.18823242,11.45999146,58262688124
-3.227310181,14.31463623,14.02127075,58262968133
-0.8326568604,13.73144531,12.85964966,58263273547
-1.004043579,12.22229004,11.27908325,58263538933
-3.924758911,9.484863281,8.529754639,58263824964
-3.68196106,7.989990234,7.658538818,58264111678
-1.918106079,8.592224121,8.065582275,58264396897
-5.295852661,7.290161133,8.901092529,58264682791
-14.54359436,4.08380127,12.94772339,58264970294
-19.3162384,5.178771973,14.73062134,58265256792
-19.3162384,16.47839355,19.31521606,58265542777
-19.3162384,18.34460449,19.31521606,58265827428
-19.3162384,-10.82922363,19.31521606,58266112151
1.800033569,-12.25030518,19.31521606,58266397903
19.6831665,-0.8840332031,19.31521606,58266684275
19.6831665,6.388000488,19.31521606,58266972705
19.6831665,3.557739258,7.16104126,58267254515
19.6831665,-3.478637695,9.260528564,58267541974
19.6831665,-19.46044922,19.31521606,58267826288
19.6831665,-19.46044922,-0.2419128418,58268123496
16.98204041,-19.46044922,-4.221893311,58268397021
5.91569519,-16.68969727,-12.87454224,58268681646
2.852157593,-4.264160156,-11.77719116,58268970500
2.964035034,7.144958496,-3.210235596,58269257009
4.535079956,15.72381592,4.533111572,58269544718
3.202072144,17.90185547,6.196990967,58269827523
2.230880737,19.49908447,9.907989502,58270120554
-1.546768188,19.53895569,11.39810181,58270400177
-6.426528931,18.73974609,16.306427,58270688926
-10.97541809,19.027771,15.36856079,58270973855
-12.7035675,19.53895569,11.0696106,58271260678
-13.36054993,19.53895569,6.415985107,58271542670
-12.00849915,17.05682373,5.340057373,58271828169
-13.65333557,9.637207031,11.11245728,58272114921
-9.851882935,3.952880859,10.3031311,58272402113
-9.216323853,-1.388671875,3.314361572,58272686083
-8.485549927,-5.566223145,-3.381622314,58272971957
-5.602920532,-7.372924805,-7.52822876,58273257538
-4.350845337,-8.475036621,-5.802459717,58273543183
-4.617446899,-8.046569824,-1.263092041,58273827002
-5.79335022,-4.528381348,-0.1538391113,58274111785
-6.040908813,2.186645508,1.752838135,58274397073
-5.076858521,9.092102051,3.980865479,58274683991
-6.478897095,12.1675415,4.473602295,58275002543
-7.845230103,12.79595947,3.883270264,58275256219
-8.097549438,12.30560303,3.064422607,58275542583
-7.538162231,11.57006836,4.26651001,58275827916
-7.800003052,9.799072266,4.37600708,58276117547
-7.250137329,8.163757324,2.647857666,58276398787
-6.657424927,6.78314209,0.5364685059,58276683314
-5.912368774,6.82598877,-0.8893737793,58276967745
-4.874526978,6.621276855,-1.027435303,58277257925
-4.431777954,5.945251465,0.2960510254,58277538965
-4.843582153,5.93572998,0.0008850097656,58277824745
-4.653152466,6.440368652,-0.1585998535,58278118378
-3.05116272,7.078308105,-0.3299865723,58278398328
-2.770278931,6.49987793,0.5816955566,58278681911
-3.570083618,4.267089844,-0.2038269043,58278966818
-3.579605103,1.708190918,-0.5727844238,58279252327
-3.115432739,-0.3032226563,1.081573486,58279538298
-0.3970489502,-0.5531616211,1.160125732,58279852685
0.5408172607,-0.2270507813,-0.144317627,58280110962
0.9073944092,-0.1294555664,-0.5037536621,58280396787
-0.4613189697,-1.740966797,0.4912414551,58280681093
-1.461074829,-1.859985352,-0.6941833496,58280966923
0.5908050537,0.1252441406,-2.393768311,58281254405
1.350143433,-0.2080078125,-0.7370300293,58281539199
-0.1875762939,-0.7578735352,2.167022705,58281824108
-1.572952271,1.065490723,1.707611084,58282111059
-2.134719849,5.640563965,0.641204834,58282394501
-3.322525024,8.401794434,0.7626037598,58282691405
-3.277297974,10.19421387,7.915618896,58282966706
-2.998794556,12.79119873,13.50473022,58283259019
1.785751343,16.86401367,19.31521606,58283540148
4.982589722,18.41363525,19.31521606,58283838613
2.309432983,18.08990479,19.31521606,58284111254
1.628646851,19.13012695,18.92245483,58284399828
1.100204468,18.24700928,18.34164429,58284682709
1.985702515,16.84259033,19.31521606,58284966082
-0.7945709229,14.31939697,18.09884644,58285266100
-7.90473938,14.45031738,13.84750366,58285539871
-13.27723694,18.61834717,16.16836548,58285823293
-19.3162384,19.53895569,19.31521606,58286108055
-19.3162384,19.53895569,19.31521606,58286394883
-19.3162384,16.54742432,19.31521606,58286687357
-17.22151184,5.550109863,19.31521606,58286966281
6.144210815,7.811462402,19.31521606,58287249359
19.6831665,19.53895569,19.31521606,58287536690
19.6831665,14.82879639,13.51663208,58287824293
19.6831665,-1.167297363,-0.8679504395,58288107034
19.6831665,-12.1907959,13.51187134,58288395949
19.6831665,-19.46044922,7.894195557,58288682051
19.6831665,-19.46044922,-0.1919250488,58288964599
12.54026794,-19.46044922,-10.26565552,58289309601
-2.239456177,-10.99584961,-11.21780396,58289538566
-1.956192017,3.97668457,-5.704864502,58289824161
0.852645874,18.60644531,1.231536865,58290122918
-1.373001099,19.53895569,1.083953857,58290399350
-6.024246216,19.53895569,9.170074463,58290679458
-10.01612854,19.53895569,19.31521606,58290963196
-13.87471008,19.53895569,17.63943481,58291258541
-15.75758362,19.53895569,6.147003174,58291540577
-13.30342102,15.66192627,10.09127808,58291822409
-11.99659729,11.97711182,15.30905151,58292108657
-10.60884094,8.577941895,10.78634644,58292393885
-10.15895081,4.919311523,2.436004639,58292678454
-9.630508423,1.977172852,-2.47946167,58292968471
-6.53364563,-0.8673706055,-1.829620361,58293254300
-4.131851196,-4.387939453,-0.08480834961,58293563615
-1.468215942,-4.564086914,-0.6299133301,58293822937
-3.153518677,-4.330810547,-0.3775939941,58295851998
-5.655288696,-5.547180176,3.945159912,58295957470
-5.981399536,-2.105163574,5.175811768,58296200730
-4.59602356,5.423950195,2.06942749,58296415441
-9.859024048,10.21325684,-0.2847595215,58296630616
-10.96351624,11.72003174,-0.9036560059,58296875253
-9.616226196,11.83190918,0.3174743652,58297089080
-7.745254517,10.88928223,2.509796143,58297303999
-4.307998657,10.55841064,1.281524658,58297548058
-4.762649536,7.468688965,0.7245178223,58297762388
-4.617446899,4.038574219,-1.867706299,58297978017
-2.060928345,1.108337402,-3.845794678,58298222423
1.252548218,-1.717163086,-4.619415283,58298436193
3.916183472,-2.255126953,-2.52230835,58298650648
4.706466675,-3.016845703,-0.03720092773,58298865688
1.75718689,-5.073486328,-0.4704284668,58299110842
1.376327515,-4.790222168,-2.5675354,58299327386
2.642684937,-3.059692383,0.1222839355,58299562433
2.352279663,-1.48626709,0.4507751465,58301054715
-0.2066192627,0.1062011719,1.662384033,58301120722
-2.008560181,2.546081543,2.843048096,58301335661
-1.475357056,7.725769043,3.990386963,58301550535
-4.150894165,12.7769165,4.844940186,58301797655
-7.319168091,13.27441406,7.092010498,58302023452
-5.907608032,12.51031494,13.9927063,58302238513
-1.389663696,14.06945801,19.01766968,58302459139
0.1099700928,15.45245361,16.56112671,58302669391
-5.222061157,13.081604,12.22647095,58302901680
-7.019241333,11.79144287,8.94631958,58303119196
-4.446060181,11.46295166,10.79110718,58303348096
-0.8707427979,11.56054688,18.0607605,58304329959
-3.153518677,13.52435303,19.31521606,58304479781
-8.566482544,14.47174072,14.20217896,58304693957
-6.062332153,18.29699707,18.00125122,58304910460
-10.00898743,17.59002686,19.31521606,58305152084
-16.51930237,19.05157471,19.31521606,58305367817
-17.735672,19.53895569,19.31521606,58305582535
-19.3162384,19.53895569,19.31521606,58305826403
-19.3162384,19.53895569,19.31521606,58306040451
-19.3162384,11.45343018,19.31521606,58306258686
-3.601028442,8.020935059,19.31521606,58306474018
18.17698669,14.94781494,19.31521606,58306704220
19.6831665,16.33557129,19.31521606,58306947761
19.6831665,-1.455322266,10.44119263,58307149745
19.6831665,-15.53045654,12.80014038,58307392920
19.6831665,-19.46044922,9.738983154,58307614929
19.6831665,-19.46044922,9.581878662,58307822555
19.6831665,-19.46044922,-4.857452393,58308038499
5.727645874,-14.55688477,-6.426116943,58308268256
-3.034500122,-1.819519043,-5.54776001,58308511145
-8.952102661,10.07043457,-5.554901123,58308730495
-7.195388794,18.05657959,-0.3823547363,58308946347
-9.037796021,18.1708374,3.609527588,58309159993
-12.16322327,12.85308838,7.744232178,58309403161
-12.50361633,10.60125732,8.577362061,58309621914
-11.17298889,11.98187256,2.738311768,58309834841
-8.999710083,11.87237549,-1.901031494,58310070123
-9.709060669,6.71887207,2.333648682,58310365543
-10.05421448,6.518920898,7.615692139,58310647289
-10.65882874,8.080444336,-0.7060852051,58310931751
-8.60218811,8.261352539,-5.366851807,58311211867
-7.162063599,5.559631348,-0.527557373,58311494431
-6.466995239,3.381591797,5.509063721,58311792391
-6.524124146,0.9274291992,4.809234619,58312106765
-8.373672485,0.1514282227,0.5031433105,58312361323
-6.683609009,2.957885742,-2.198577881,58312640379
-6.255142212,3.795776367,-2.865081787,58312922651
-5.200637817,3.179260254,-1.051239014,58313224750
-3.691482544,2.781738281,3.764251709,58313502552
-2.475112915,6.837890625,11.54092407,58313786191
-5.126846313,9.368225098,12.00985718,58314067302
-8.118972778,7.56628418,5.125823975,58314352058
-7.871414185,7.366333008,2.926361084,58314650563
-5.188735962,9.949035645,-0.06100463867,58314930580
-5.671951294,10.90118408,-0.3633117676,58315215257
-8.442703247,9.208740234,4.087982178,58315497637
-8.468887329,7.742431641,3.683319092,58315789027
-7.957107544,6.971191406,1.064910889,58316079873
-4.322280884,7.468688965,-1.132171631,58316372809
-2.944046021,6.873596191,-0.05862426758,58316657217
-3.974746704,5.547729492,1.783782959,58316943153
-2.741714478,6.230895996,1.424346924,58317228914
-1.561050415,5.140686035,-1.691558838,58317523678
-0.8374176025,2.929321289,-5.231170654,58317803709
0.3242034912,-0.008056640625,-4.864593506,58318085449
0.6598358154,-3.252502441,-2.267608643,58318355600
3.875717163,-4.85925293,-0.5156555176,58318656873
6.115646362,-5.906616211,-1.367828369,58318932628
-0.08283996582,-9.134399414,2.088470459,58319234281
-0.7350616455,-5.454345703,6.915863037,58319513030
3.247299194,1.943847656,3.185821533,58319782034
-0.5327301025,4.581298828,-1.386871338,58320094020
-6.924026489,4.990722656,-0.4109191895,58320356206
-3.724807739,11.66766357,5.002044678,58320669201
-4.293716431,15.68572998,10.52212524,58320940009
-1.492019653,19.53895569,11.53140259,58321212318
-0.4137115479,19.53895569,10.4602356,58321512101
-1.258743286,18.73736572,12.04556274,58321788817
-3.720046997,14.61456299,14.0664978,58322083601
-0.5731964111,14.48126221,12.15267944,58322371360
-3.434402466,11.47961426,14.38070679,58322639686
-3.691482544,10.52984619,18.73678589,58322941354
0.8121795654,12.17706299,19.31521606,58323215859
-1.115921021,11.46295166,14.59255981,58323514088
-9.73286438,9.401550293,11.40762329,58323799126
-17.26673889,12.81976318,11.36477661,58324068455
-19.3162384,18.70166016,12.22647095,58324368135
-19.3162384,19.53895569,19.31521606,58324650678
-19.3162384,19.53895569,19.31521606,58324939859
-19.3162384,19.53895569,19.31521606,58325225160
-7.652420044,19.53895569,19.31521606,58325495782
5.746688843,9.563415527,19.31521606,58325797600
13.62095642,8.551757813,19.31521606,58326085605
19.6831665,6.157104492,19.31521606,58326372838
19.6831665,-2.05279541,3.290557861,58326655506
19.6831665,-9.858032227,8.98916626,58326926061
19.6831665,-19.46044922,18.77011108,58327229715
19.6831665,-19.46044922,0.2484436035,58327510791
17.34147644,-19.46044922,-4.359954834,58327814409
7.600997925,-13.75469971,-5.193084717,58328083308
1.900009155,-0.6959838867,-2.158111572,58328353518
1.302536011,14.84545898,0.1175231934,58328654045
-1.846694946,19.53895569,-0.07528686523,58328939350
-4.000930786,19.53895569,-0.3442687988,58329252661
-4.960220337,19.53895569,5.392425537,58329510334
-6.355117798,19.53895569,14.23312378,58329782057
-8.871170044,19.53895569,18.31069946,58330082610
-13.30580139,19.21820068,14.14981079,58330366900
-13.34864807,17.09967041,7.475250244,58330656334
-12.78926086,12.7197876,6.382659912,58330940141
-12.6131134,7.528198242,11.21481323,58331215601
-10.30177307,2.660339355,14.29501343,58331514261
-8.183242798,0.9369506836,8.870147705,58331795735
-5.605300903,-0.4579467773,0.3317565918,58332082680
-4.710281372,-2.278930664,-4.317108154,58332368172
-4.319900513,-4.602172852,-4.364715576,58332647393
-2.772659302,-5.587646484,-2.212860107,58332939052
0.9550018311,-2.393188477,-0.9226989746,58333251397
2.168991089,-0.6412353516,2.09085083,58333515640
0.06712341309,-0.1246948242,5.797088623,58333795347
-3.110671997,1.791503906,3.081085205,58334100923
-8.890213013,4.638427734,-0.1419372559,58334375698
-12.60121155,11.37249756,-2.638946533,58334654284
-11.78712463,15.41674805,-2.669891357,58334937794
-11.02778625,15.1572876,0.6435852051,58335222740
-11.11109924,14.08850098,2.302703857,58335535950
-11.02540588,12.35559082,0.5483703613,58335795644
-9.033035278,11.08447266,-1.667755127,58336082135
-6.357498169,8.39465332,-3.293548584,58336365778
-3.408218384,4.590820313,0.02230834961,58336650538
-1.551528931,1.329711914,2.747833252,58336923973
-0.07093811035,0.3537597656,1.302947998,58337229159
1.245407104,0.5394287109,-1.029815674,58337512627
2.409408569,-0.3365478516,-0.7084655762,58337794110
2.026168823,-3.376281738,-2.993621826,58338081720
1.71434021,-6.330322266,-5.464447021,58338364560
4.549362183,-4.897338867,-4.483734131,58338654306
5.994247437,-3.304870605,0.7364196777,58338938088
2.487960815,-3.012084961,2.793060303,58339222631
-0.5517730713,-1.990905762,-0.1133728027,58339514301
0.3099212646,3.82434082,-1.377349854,58339796273
-2.941665649,7.390136719,0.4150695801,58340081908
-5.686233521,11.2130127,3.871368408,58340432024
-6.278945923,13.88616943,7.646636963,58340652259
-5.88142395,15.97851563,15.71133423,58340934750
-4.743606567,19.23248291,19.31521606,58341221293
-5.733840942,18.13275146,16.49685669,58341508416
-7.595291138,14.75024414,11.38143921,58341797840
-7.385818481,11.94378662,8.555938721,58342073679
-7.619094849,13.18634033,14.52828979,58342363326
-6.697891235,13.07922363,16.74203491,58342652028
-4.910232544,13.26251221,14.99484253,58342938369
-7.602432251,14.57409668,14.15933228,58343222126
-11.56813049,14.54315186,18.66299438,58343508106
-13.24153137,16.07611084,19.31521606,58343793311
-15.84803772,16.81402588,19.31521606,58344078068
-19.3162384,16.33081055,19.31521606,58344366633
-19.3162384,12.7364502,19.31521606,58344651617
-9.663833618,15.63098145,19.31521606,58344937967
4.447006226,19.53895569,19.31521606,58345222949
13.25437927,19.53895569,19.31521606,58345513323
16.25602722,19.53895569,5.351959229,58345794663
7.498641968,19.53895569,-0.1109924316,58346079873
16.23698425,12.41033936,5.182952881,58346356489
19.6831665,2.265197754,-0.8965148926,58346651639
19.6831665,-10.81732178,18.40829468,58346935877
19.6831665,-19.46044922,7.282440186,58347223173
18.08415222,-14.45690918,-5.542999268,58347508702
3.509140015,-6.877807617,-13.61483765,58347796092
-1.649124146,3.84576416,-6.868865967,58348078554
-0.8540802002,13.45770264,-1.4559021,58348373870
-4.691238403,18.12561035,3.828521729,58348651387
-7.350112915,19.53895569,8.855865479,58348941951
-9.432937622,19.53895569,12.59066772,58349226006
-15.11488342,18.24224854,10.42453003,58349510421
-15.20533752,15.22631836,8.863006592,58349795973
-12.62501526,13.52435303,5.351959229,58350067715
-12.24177551,9.799072266,1.617156982,58350368020
-12.45838928,4.531311035,2.74307251,58350684443
-11.88948059,0.03240966797,6.144622803,58350937505
-8.964004517,0.36328125,6.863494873,58351244179
-5.810012817,1.939086914,0.1389465332,58351523032
-3.362991333,1.241638184,-4.686065674,58351852143
-3.541519165,-2.259887695,-4.300445557,58352126939
-3.505813599,-5.73046875,-2.258087158,58352383965
-1.508682251,-3.857116699,-0.3514099121,58352710828
-1.203994751,-0.1913452148,0.9173278809,58352970469
-3.189224243,4.348022461,-0.006256103516,58353258678
-4.765029907,10.76074219,0.2841491699,58353572358
-8.152297974,16.27130127,4.368865967,58353841929
-10.24702454,16.89733887,4.326019287,58354129392
-10.7849884,15.36914063,4.978240967,58354411483
-9.266311646,14.6217041,3.540496826,58354702097
-8.018997192,13.48388672,2.931121826,58354951726
-7.428665161,10.45367432,6.154144287,58355245211
-5.326797485,7.859069824,5.620941162,58355509265
-3.272537231,5.090698242,1.931365967,58355820843
-0.7088775635,2.662719727,-1.736785889,58356122446
0.2551727295,1.139282227,-3.426849365,58356394554
-0.468460083,-0.2675170898,-3.007904053,58356700481
0.319442749,0.3061523438,-2.308074951,58356984967
2.252304077,1.044067383,-4.098114014,58357276863
5.227767944,1.49395752,-5.002655029,58357560545
3.787643433,-1.467224121,-3.103118896,58357843979
1.854782104,-3.635742188,0.1722717285,58358130804
1.607223511,-3.404846191,0.4174499512,58358414690
1.014511108,-2.271789551,-0.1538391113,58358700815
-0.6041412354,-2.609802246,2.464569092,58358984280
-2.891677856,-0.4817504883,5.580474854,58359272822
-3.017837524,5.190673828,5.030609131,58359558089
-2.944046021,12.33892822,4.183197021,58359873025
-4.524612427,15.64050293,7.789459229,58360136059
-6.202774048,16.64978027,11.71231079,58360423110
-4.158035278,16.71881104,18.05123901,58360703369
-2.858352661,17.40673828,19.31521606,58360988969
-3.610549927,16.98779297,19.31521606,58361270216
-3.196365356,15.60479736,16.62301636,58361558981
-5.798110962,11.4105835,17.85366821,58361841433
-8.79737854,7.452026367,17.15145874,58362156103
-11.38008118,7.049743652,9.679473877,58362500650
-4.784072876,11.74145508,4.802093506,58362675165
3.763839722,18.86590576,8.893951416,58362984705
0.4051361084,17.66143799,12.34072876,58363274740
-11.68476868,13.07684326,15.28286743,58363546037
-18.33552551,14.01708984,19.31521606,58363842840
-19.3162384,19.53895569,19.31521606,58364126396
-19.3162384,19.53895569,19.31521606,58364440487
-9.635269165,19.53895569,19.31521606,58364740395
1.385848999,19.53895569,19.31521606,58364983261
11.47862244,17.66143799,19.31521606,58365267887
19.6831665,16.82354736,19.31521606,58365554366
19.6831665,4.743164063,18.72488403,58365845923
19.6831665,-2.952575684,0.3603210449,58366134974
19.6831665,-19.46044922,4.159393311,58366534025
19.6831665,-19.46044922,-3.038848877,58366658572
16.97251892,-19.46044922,-10.8274231,58366930189
0.01237487793,-19.46044922,-13.0007019,58367208541
1.923812866,-4.440307617,-6.947418213,58367505111
4.530319214,9.932373047,-0.4799499512,58367786278
3.970932007,18.95397949,7.956085205,58368073451
0.05760192871,19.53895569,10.98867798,58368359458
-1.218276978,19.53895569,14.96627808,58368643824
-3.246353149,19.53895569,17.24667358,58368933374
-9.371047974,19.53895569,10.13174438,58369222500
-13.40101624,19.53895569,4.116546631,58369503777
-11.86329651,18.73022461,4.54977417,58369787806
-9.640029907,15.6762085,6.170806885,58370072091
-8.892593384,9.56817627,7.529998779,58370382721
-9.332962036,2.653198242,5.44241333,58370645619
-9.240127563,-2.326538086,3.121551514,58370930492
-6.671707153,-3.864257813,-1.58682251,58371214919
-1.837173462,-2.386047363,-6.24520874,58371503038
-2.567947388,-3.338195801,-5.321624756,58371787150
-5.331558228,-5.216308594,-3.191192627,58372074845
-5.012588501,-2.347961426,-2.838897705,58372359271
-4.160415649,4.571777344,-2.027191162,58372642273
-5.393447876,7.694824219,2.812103271,58372930338
-7.902359009,10.18945313,6.044647217,58373237852
-11.11824036,12.34844971,2.321746826,58373501859
-8.240371704,14.75738525,-1.134552002,58373785844
-5.988540649,15.38104248,1.314849854,58374074113
-5.350601196,12.79833984,5.718536377,58374360503
-4.805496216,10.97973633,6.654022217,58374645591
-3.924758911,10.70361328,6.123199463,58374929626
-2.865493774,10.40606689,1.041107178,58375216332
-4.507949829,8.297058105,-0.3585510254,58375501342
-3.436782837,6.273742676,-0.5799255371,58375789047
-1.96333313,3.150695801,3.8309021,58376074653
-0.2042388916,0.6870117188,5.797088623,58376362323
-2.139480591,-2.447937012,0.7340393066,58376636846
-5.224441528,-5.706665039,-5.881011963,58376930872
-1.163528442,-4.756896973,-7.79006958,58377220554
4.682662964,-0.6674194336,-6.269012451,58377512232
2.73789978,1.236877441,0.9149475098,58377788416
0.7669525146,-0.4555664063,2.105133057,58378084986
0.009994506836,0.6156005859,4.121307373,58378360438
0.876449585,3.77911377,2.190826416,58378643355
0.4575042725,6.609375,0.4793395996,58378931263
-3.129714966,7.809082031,1.21963501,58379217812
-3.927139282,10.89642334,6.173187256,58379503434
-3.622451782,15.86187744,8.039398193,58379791936
-2.608413696,19.53895569,4.264129639,58380073666
-2.627456665,19.53895569,7.315765381,58380357964
-2.070449829,19.53895569,13.83322144,58380645427
-1.651504517,19.53895569,15.30905151,58380983639
-2.85597229,19.53895569,10.57211304,58381219517
-5.810012817,15.81903076,6.256500244,58381511381
-5.267288208,12.06518555,5.620941162,58381787550
-5.131607056,8.087585449,5.623321533,58382071469
-3.289199829,5.566772461,6.004180908,58382355516
-0.9635772705,5.050231934,5.156768799,58382645020
-0.670791626,4.505126953,4.037994385,58382928254
-1.265884399,1.95098877,4.473602295,58383201325
0.1956634521,2.236633301,7.57522583,58383520425
-0.8255157471,4.319458008,9.977020264,58383787397
-10.93257141,5.050231934,8.83682251,58384073478
-19.3162384,7.280639648,13.43569946,58384359590
-19.3162384,15.40484619,19.31521606,58384633268
-19.3162384,18.24224854,19.31521606,58384930344
-13.9723053,17.28295898,19.31521606,58385212734
8.653121948,18.56359863,19.31521606,58385501748
18.64830017,17.50671387,19.31521606,58385785738
19.6831665,16.2522583,15.37808228,58386078900
19.6831665,5.923828125,-0.5918273926,58386357228
19.6831665,-3.485778809,-2.3699646,58386644771
19.6831665,-13.16674805,6.192230225,58386929883
19.6831665,-17.02056885,-8.889801025,58387215500
19.6831665,-19.46044922,-18.21847534,58387492950
7.689071655,-19.46044922,-2.060516357,58387786166
4.551742554,-10.51739502,8.136993408,58388075595
-0.925491333,1.367797852,5.966094971,58388365350
-4.600784302,15.30249023,3.131072998,58388643267
-3.974746704,19.53895569,1.207733154,58389012660
-5.600540161,19.53895569,7.779937744,58389215232
-8.618850708,19.53895569,13.50949097,58389498819
-12.27748108,19.53895569,10.88394165,58389814486
-12.4655304,17.26153564,7.889434814,58390071497
-10.44221497,14.0456543,7.687103271,58390342691
-9.742385864,8.247070313,6.361236572,58390702082
-9.563858032,1.851013184,6.599273682,58390930783
-8.944961548,-2.943054199,5.709014893,58391214909
-6.176589966,-4.866394043,0.9911193848,58391498488
-4.917373657,-6.544555664,-3.136444092,58391775583
-5.776687622,-7.496704102,-1.474945068,58392075481
-8.149917603,-7.491943359,-0.8608093262,58392356673
-9.199661255,-1.767150879,-3.234039307,58392643901
-5.591018677,7.468688965,-3.462554932,58392927537
-3.946182251,13.72668457,-2.638946533,58393207682
-3.467727661,16.8616333,-1.098846436,58393502384
-4.343704224,16.13085938,-2.638946533,58393784211
-6.376541138,14.47650146,-4.63369751,58394071299
-5.900466919,12.21038818,-4.157623291,58394357335
-4.174697876,8.973083496,-3.852935791,58394647084
-2.779800415,5.012145996,-2.446136475,58394932231
-0.9730987549,1.005981445,-0.8036804199,58395230774
1.830978394,0.07049560547,-0.09194946289,58395499841
2.466537476,0.05859375,-1.122650146,58395785786
2.526046753,-1.752868652,0.8363952637,58396099491
2.616500854,-3.947570801,2.366973877,58396356927
2.266586304,-3.70715332,2.945404053,58396642300
0.2718353271,-3.404846191,2.559783936,58396927203
0.03617858887,-1.983764648,5.02822876,58397212497
-0.3470611572,1.063110352,3.680938721,58397492123
-0.2304229736,6.318969727,1.798065186,58397786569
-2.501296997,8.977844238,-0.2919006348,58398073615
-5.817153931,9.899047852,-0.4037780762,58398356505
-6.566970825,11.57006836,3.785675049,58398642437
-5.18397522,12.89355469,13.85464478,58398922790
-5.286331177,13.80285645,17.69894409,58399220855
-4.79359436,15.28344727,15.16384888,58399509241
-4.872146606,15.17633057,14.12600708,58399784881
-7.42628479,12.55554199,15.38522339,58400078337
-7.973770142,12.7935791,15.58755493,58400356723
-4.888809204,14.73834229,14.86392212,58400647258
-1.844314575,17.49957275,14.64492798,58400928767
-5.114944458,14.43127441,12.96676636,58401213489
-8.642654419,9.311096191,10.14602661,58401499098
-11.5919342,5.059753418,7.637115479,58401784484
-13.81758118,4.452758789,12.89535522,58402072171
-17.44050598,3.400634766,15.23526001,58402362178
-19.3162384,6.404663086,14.95913696,58402642466
-19.3162384,12.89117432,19.31521606,58402931236
-19.3162384,19.53895569,19.31521606,58403202080
-19.3162384,19.53895569,19.31521606,58403500019
-12.39173889,19.53895569,19.31521606,58403782940
10.65263367,19.53895569,19.31521606,58404067937
19.6831665,19.53895569,19.31521606,58404350912
19.6831665,11.14874268,19.31521606,58404638282
19.6831665,-0.4008178711,2.555023193,58404926009
19.6831665,-16.13269043,8.382171631,58405235830
19.6831665,-19.46044922,7.058685303,58405497999
19.6831665,-19.46044922,-7.33303833,58405781898
13.71855164,-18.13934326,-12.47463989,58406066031
1.12638855,-10.59118652,-6.002410889,58406356372
-2.794082642,2.634155273,-1.301177979,58406638638
-3.891433716,16.51171875,0.6959533691,58406913137
-1.958572388,19.53895569,6.837310791,58407208111
-4.460342407,19.53895569,12.41213989,58407494924
-9.985183716,19.53895569,12.08364868,58407782114
-14.54121399,19.53895569,9.048675537,58408065821
-15.46717834,19.09918213,8.065582275,58408345036
-12.59169006,16.29510498,4.923492432,58408641998
-10.50410461,9.710998535,3.033477783,58408922566
-10.33509827,3.438720703,3.733306885,58409193688
-10.27558899,-0.8959350586,1.871856689,58409496439
-6.350357056,-0.6650390625,-0.2252502441,58409785150
-3.724807739,-0.7388305664,-2.250946045,58410070066
-3.817642212,-2.507446289,-3.003143311,58410350526
-5.362503052,-3.823791504,-3.253082275,58410623451
-5.326797485,-2.131347656,-3.624420166,58410925729
-5.31489563,0.9559936523,-0.8108215332,58411240614
-6.021865845,4.045715332,4.337921143,58411501399
-7.528640747,6.895019531,3.797576904,58411778700
-9.747146606,8.19708252,-0.08004760742,58412065144
-9.987564087,8.925476074,-2.400909424,58412353880
-8.016616821,9.225402832,-1.027435303,58412629125
-7.678604126,8.494628906,3.707122803,58412930791
-8.354629517,8.016174316,5.928009033,58413210890
-8.499832153,8.182800293,4.366485596,58413488977
-8.685501099,7.690063477,1.276763916,58413781917
-8.409378052,7.249694824,-0.008636474609,58414067647
-5.886184692,7.432983398,-1.791534424,58414355996
-3.717666626,6.868835449,-2.115264893,58414640150
-1.825271606,5.926208496,-1.001251221,58414912088
-2.232315063,3.82434082,-1.346405029,58415214204
-2.451309204,2.150939941,-1.820098877,58415497924
-0.799331665,0.8726806641,-1.591583252,58415784759
0.7526702881,0.4251708984,-2.036712646,58416067669
1.045455933,-0.6317138672,-2.586578369,58416340065
0.140914917,-1.583862305,-2.541351318,58416641230
1.262069702,-0.5698242188,-2.596099854,58416925915
1.414413452,-0.2365722656,-1.56539917,58417227802
2.816452026,0.896484375,4.102264404,58417498214
1.312057495,2.472290039,5.266265869,58417766574
-0.3494415283,4.621765137,-1.372589111,58418067789
-0.5779571533,9.87286377,-3.06741333,58418350517
-4.529373169,12.13659668,-0.4989929199,58418641419
-5.079238892,12.41271973,2.39553833,58418923650
-4.391311646,12.18896484,6.96585083,58419195332
-3.955703735,13.93377686,8.391693115,58419501181
-4.258010864,15.0668335,10.30075073,58419783225
-5.460098267,13.58148193,10.71731567,58420068538
-5.883804321,10.83691406,11.93844604,58420351974
-2.708389282,10.09899902,10.31503296,58420628553
-2.191848755,10.00378418,8.14175415,58420925404
-5.29347229,8.856445313,8.108428955,58421208171
-4.155654907,11.17730713,10.41738892,58421496712
-11.97755432,12.00091553,16.11123657,58421780613
-17.97846985,12.93640137,19.31521606,58422070666
-14.99110413,13.65527344,19.31521606,58422353192
-19.3162384,13.46246338,19.31521606,58422639121
-19.3162384,18.00183105,15.05197144,58422926021
-19.3162384,15.34533691,19.31521606,58423208797
-19.3162384,6.835510254,19.31521606,58423487227
-13.22010803,5.685791016,19.31521606,58423784161
5.368209839,10.65600586,19.31521606,58424067129
17.92228699,19.53895569,19.31521606,58424350059
19.6831665,14.37652588,14.00222778,58424636320
19.6831665,-0.1056518555,2.52645874,58424923405
19.6831665,-4.928283691,15.06387329,58425213278
19.6831665,-17.07531738,-9.991912842,58425493211
19.6831665,-19.46044922,-19.68418884,58425786367
17.94847107,-17.57043457,-15.53579712,58426064726
7.22013855,-13.74517822,-1.693939209,58426379433
1.021652222,-2.331298828,2.247955322,58426639947
-2.646499634,9.211120605,1.567169189,58426919794
-2.26802063,19.22058105,1.671905518,58427205953
-4.948318481,19.53895569,5.037750244,58427493635
-9.190139771,18.94683838,12.73348999,58427774621
-11.2467804,17.19250488,14.10220337,58428078882
-13.46766663,15.63574219,6.147003174,58428406982
-11.54194641,15.97613525,2.9168396,58428641249
-10.00184631,15.51196289,4.7449646,58428969168
-11.2301178,10.9987793,7.856109619,58429204775
-13.12489319,5.93572998,8.015594482,58429498112
-12.17274475,3.781494141,4.406951904,58429777756
-8.485549927,3.586303711,-0.3894958496,58430064251
-4.68409729,3.433959961,-2.562774658,58430348169
-4.517471313,0.09191894531,-1.139312744,58430633139
-5.836196899,-2.045654297,2.205108643,58430922398
-6.46937561,0.5679931641,1.986114502,58431207163
-5.391067505,5.040710449,-1.851043701,58431490336
-5.012588501,7.649597168,-0.832244873,58431777000
-7.181106567,6.459411621,0.310333252,58432064787
-7.154922485,6.573669434,0.3555603027,58432348525
-6.743118286,6.433227539,-1.229766846,58432632966
-5.867141724,7.099731445,-0.2514343262,58432916564
-7.576248169,6.597473145,1.357696533,58433205496
-7.666702271,6.74029541,1.531463623,58433491209
-6.705032349,6.461791992,-0.1800231934,58433807679
-4.593643188,7.559143066,-2.029571533,58434063515
-3.236831665,8.435119629,-2.536590576,58434343827
-3.105911255,8.497009277,-2.462799072,58434634892
-4.127090454,7.54486084,-2.534210205,58434916474
-3.884292603,6.138061523,-2.707977295,58435211463
-2.796463013,4.914550781,-2.891265869,58435487639
-0.646987915,3.60534668,-1.593963623,58435775098
1.640548706,2.546081543,-0.449005127,58436060835
2.990219116,2.010498047,0.0627746582,58436345481
2.390365601,0.9750366211,-0.8798522949,58436632226
1.783370972,-0.3651123047,-1.662994385,58436916733
0.01237487793,-2.376525879,-3.065032959,58437199940
2.271347046,-2.131347656,0.4745788574,58437487792
1.704818726,-0.6840820313,5.666168213,58437773404
-1.392044067,0.3561401367,3.090606689,58438061235
-2.832168579,1.884338379,0.1032409668,58438345876
-2.353713989,3.645812988,3.952301025,58438640014
0.07902526855,7.923339844,5.72567749,58438918450
0.5693817139,13.81237793,6.823028564,58439217093
-3.251113892,15.09777832,7.801361084,58439488325
-3.969985962,16.82354736,11.63375854,58439771499
1.928573608,19.08728027,16.19692993,58440059699
4.982589722,19.51098633,19.31521606,58440348962
-0.07807922363,16.71405029,19.31521606,58440629852
-3.198745728,14.59552002,14.54971313,58440966929
-3.591506958,12.82214355,10.69351196,58441203610
-4.2056427,10.38226318,8.089385986,58441529989
-3.148757935,7.906677246,11.42190552,58441771540
-2.008560181,6.621276855,17.52993774,58442058718
-1.089736938,7.573425293,17.71084595,58442344341
0.09092712402,9.151611328,11.26004028,58442628416
-1.087356567,9.032592773,7.920379639,58442906637
-1.979995728,7.447265625,11.26480103,58443203231
-12.4322052,5.545349121,16.50637817,58443486563
-19.3162384,10.72503662,18.93435669,58443759585
-19.3162384,19.53895569,19.31521606,58444063766
-19.3162384,19.53895569,19.31521606,58444343218
-14.69355774,19.53895569,19.31521606,58444632536
10.45030212,19.53895569,19.31521606,58444914731
19.6831665,19.2086792,19.31521606,58445187958
19.6831665,14.35986328,19.31521606,58445486101
19.6831665,-4.637878418,5.097259521,58445770688
19.6831665,-12.40264893,-3.586334229,58446058369
19.6831665,-19.46044922,6.687347412,58446344009
19.6831665,-19.46044922,-1.296417236,58446615823
19.6831665,-19.46044922,-3.031707764,58446912683
11.61668396,-19.46044922,-7.973358154,58447198396
2.64982605,-8.893981934,-8.344696045,58447483534
2.235641479,5.676269531,-1.724884033,58447766384
5.575302124,19.53895569,5.835174561,58448054635
1.842880249,19.53895569,8.025115967,58448340502
-2.603652954,19.53895569,16.23025513,58448625570
-6.074234009,19.53895569,19.31521606,58448913872
-8.433181763,19.53895569,16.92056274,58449200036
-9.094924927,19.53895569,13.64041138,58449481371
-8.461746216,18.10180664,12.57876587,58449770028
-7.740493774,14.98828125,12.4526062,58450053483
-7.819046021,11.61053467,10.08889771,58450340738
-7.416763306,9.561035156,6.918243408,58450625155
-6.769302368,7.456787109,3.823760986,58450897261
-5.360122681,5.540588379,2.247955322,58451197174
-3.934280396,3.483947754,2.124176025,58451482811
-3.610549927,1.672485352,3.611907959,58451769107
-2.879776001,0.7369995117,5.002044678,58452051192
-2.844070435,0.05621337891,4.452178955,58452332970
-3.239212036,-1.262512207,3.447662354,58452626840
-4.003311157,-1.521972656,1.114898682,58452908589
-6.019485474,-2.114685059,0.08657836914,58453198579
-6.940689087,-2.259887695,-0.1252746582,58453484882
-6.62171936,0.744140625,0.7149963379,58453773625
-6.788345337,4.71697998,-0.9274597168,58454056976
-7.369155884,9.608642578,-1.677276611,58454337029
-7.362014771,10.98687744,1.114898682,58454623106
-7.157302856,10.22277832,5.240081787,58454911772
-6.217056274,9.458679199,4.016571045,58455184613
-3.581985474,9.411071777,-1.898651123,58455488571
-3.624832153,6.716491699,-4.512298584,58455792764
-4.084243774,2.655578613,-4.695587158,58456052189
-2.382278442,-0.4912719727,-4.267120361,58456346393
-0.6112823486,-3.002563477,-3.874359131,58456664128
1.590560913,-3.592895508,-2.21762085,58456916940
2.937850952,-4.064208984,-2.600860596,58457197329
3.704330444,-5.016357422,-1.320220947,58457482877
5.127792358,-3.169189453,0.6388244629,58457768004
4.349411011,-0.5912475586,2.593109131,58458046515
-1.273025513,1.36541748,3.747589111,58458343832
-3.277297974,5.090698242,4.652130127,58458626275
-4.265151978,11.56768799,5.597137451,58458909651
-2.120437622,17.40911865,6.194610596,58459196192
-3.998550415,18.42791748,7.939422607,58459480378
-5.710037231,18.63024902,10.05795288,58459776056
-6.148025513,17.97564697,10.46261597,58460054125
-5.633865356,16.71881104,9.084381104,58460338654
-2.967849731,14.75262451,8.753509521,58460625197
-2.332290649,12.46032715,7.337188721,58460908619
-4.860244751,9.380126953,6.482635498,58461210551
-5.405349731,7.747192383,7.987030029,58461481457
0.4408416748,9.953796387,9.253387451,58461767506
5.025436401,12.24609375,10.8553772,58462051832
1.84526062,10.3560791,15.19955444,58462343495
-2.156143188,8.289916992,14.66397095,58462625440
0.06474304199,11.08209229,8.710662842,58462910791
-1.92048645,12.96972656,3.426239014,58463195172
-9.282974243,9.665771484,5.863739014,58463485471
-19.3162384,8.24230957,10.11270142,58463767401
-19.3162384,12.56982422,19.31521606,58464052745
-19.3162384,18.27319336,19.31521606,58464338586
-15.52668762,19.53895569,19.31521606,58464621922
-5.660049438,19.53895569,19.31521606,58464909734
-0.7612457275,14.15753174,19.31521606,58465194630
4.594589233,10.99401855,19.31521606,58465482763
9.06968689,9.758605957,19.31521606,58465767571
12.95683289,9.782409668,19.12002563,58466055288
13.69236755,7.440124512,17.0062561,58466336445
14.01609802,3.464904785,12.10507202,58466621663
12.41172791,0.6227416992,-0.6918029785,58466913499
16.57737732,0.6917724609,-1.4559021,58467195865
19.6831665,-2.350341797,4.96395874,58467479902
14.08036804,-7.782348633,1.557647705,58467765556
7.127304077,-11.26959229,-6.561798096,58468050680
4.270858765,-9.417663574,-8.07333374,58468338793
3.659103394,-6.811157227,-7.50680542,58468620551
1.571517944,-5.497192383,-8.239959717,58468916680
-0.1566314697,-4.649780273,-7.818634033,58469199694
0.2218475342,-3.085876465,-3.841033936,58469485248
0.1528167725,-0.01995849609,-0.7275085449,58469754796
0.5003509521,3.205444336,1.631439209,58470053191
0.1718597412,6.723632813,2.571685791,58470324660
-0.4636993408,8.037597656,1.490997314,58470632818
0.9669036865,9.384887695,3.769012451,58470914755
1.90953064,13.16015625,8.246490479,58471182284
1.038314819,16.54266357,8.420257568,58471483208
0.2789764404,16.93304443,5.9637146,58471808103
-0.8588409424,17.28295898,9.0105896,58472051261
-3.115432739,18.17797852,10.79824829,58472336611
-3.939041138,16.63549805,9.819915771,58472625190
-4.065200806,14.12658691,9.170074463,58472938841
-4.346084595,11.16064453,9.453338623,58473185162
-4.403213501,9.465820313,9.505706787,58473483116
-4.305618286,8.901672363,7.40145874,58473766411
-4.491287231,8.137573242,3.933258057,58474038840
-2.939285278,8.911193848,2.571685791,58474340107
-2.534622192,8.904052734,1.824249268,58474622928
-1.534866333,9.237304688,2.638336182,58474934380
-0.5874786377,9.237304688,3.354827881,58475194052
0.1551971436,9.151611328,3.183441162,58475466438
0.140914917,8.746948242,3.033477783,58475766225
-0.1566314697,7.95904541,3.269134521,58476051154
-0.5874786377,6.866455078,3.073944092,58476341183
-0.3851470947,6.507019043,3.147735596,58476626791
-1.015945435,5.676269531,2.552642822,58476897347
-1.472976685,4.695556641,1.95993042,58477194713
