-9.747146606,5.28112793,-8.832672119,25653283014
-12.47505188,3.798156738,-7.356842041,25653545907
-11.28486633,5.328735352,-8.228057861,25653830342
-9.968521118,8.228027344,-10.9012146,25654122005
-12.70594788,7.878112793,-12.00570679,25654413016
-15.12202454,6.633178711,-8.516082764,25654964184
-12.81782532,3.150695801,-3.971954346,25655139361
-6.524124146,0.3966064453,-6.507049561,25655337928
1.821456909,-1.307739258,-6.790313721,25655567071
9.633834839,-6.082763672,-7.923370361,25655843289
16.53929138,-11.67425537,-10.56558228,25656130844
19.6831665,-14.9163208,-5.426361084,25656433127
19.6831665,0.5584716797,-6.259490967,25656741049
19.6831665,19.53895569,-17.02352905,25656986521
19.6831665,19.53895569,-8.144744873,25657344787
15.25627136,7.901916504,-7.059295654,25657561240
1.788131714,-5.813781738,-5.916717529,25657879959
-0.823135376,-7.130126953,-6.390411377,25658165268
1.790512085,-3.200134277,-6.8331604,25658418648
5.575302124,2.379455566,-7.892425537,25658704803
10.30747986,6.902160645,-8.775543213,25658994045
12.2141571,7.744812012,-7.066436768,25659278357
11.51670837,4.995483398,-7.402069092,25659557535
10.904953,3.291137695,-5.226409912,25659849754
15.00871277,3.369689941,-3.717254639,25660148032
12.56645203,0.5894165039,-6.761749268,25660431774
11.12156677,1.01550293,-8.520843506,25660696009
11.83091736,2.505615234,-8.001922607,25661001819
12.55693054,3.938598633,-6.733184814,25661277376
10.36222839,3.748168945,-6.721282959,25661544865
3.678146362,2.210449219,-8.580352783,25661816109
1.107345581,5.942871094,-4.647979736,25662101944
-1.958572388,6.209472656,-6.942657471,25662383076
-8.218948364,5.566772461,-7.509185791,25662687626
-7.819046021,8.17565918,-6.219024658,25662967250
-7.964248657,8.999267578,-11.75100708,25663274757
-10.36842346,8.730285645,-10.44894409,25663559289
-11.95613098,5.983337402,-5.588226318,25663862463
-14.22224426,2.600830078,-5.088348389,25664144173
-9.618606567,6.32611084,-7.440155029,25664434587
-5.552932739,8.668395996,-11.61056519,25664707045
-4.322280884,8.765991211,-9.949066162,25665014859
-3.736709595,8.706481934,-4.174285889,25665287252
-4.329421997,8.825500488,-5.204986572,25665574191
-4.562698364,9.608642578,-8.868377686,25665881307
-6.438430786,9.192077637,-10.00143433,25666155821
-11.59431458,6.383239746,-9.937164307,25666440147
-14.29127502,5.214477539,-8.411346436,25666735375
-14.61500549,5.345397949,-7.959075928,25667010482
-11.61097717,9.039733887,-10.84646606,25667311731
-12.10133362,9.675292969,-12.99594116,25667601032
-13.14155579,10.21801758,-15.19778442,25667912621
-15.74092102,6.661743164,-11.00357056,25668213719
-17.51429749,-0.3413085938,-8.780303955,25668470341
-13.42243958,-8.936828613,-9.420623779,25668928619
6.046615601,-10.76257324,-8.261383057,25669040601
19.6831665,-16.80633545,-9.163543701,25669292604
19.6831665,-19.46044922,-2.381866455,25669601139
19.6831665,-0.7078857422,-6.190460205,25669893955
19.6831665,19.53895569,-17.39486694,25670170283
19.6831665,19.53895569,-12.48654175,25670436238
14.21366882,7.61151123,-6.676055908,25670728755
-0.6898345947,-9.577148438,-0.3466491699,25671027775
-6.426528931,-11.71948242,-1.582061768,25671299523
-1.661026001,-4.397460938,-10.84646606,25671593065
7.498641968,4.43371582,-13.42202759,25671871538
9.757614136,6.954528809,-10.99642944,25672173504
13.62809753,8.235168457,-3.448272705,25672445693
18.19841003,4.257568359,-2.772247314,25673160987
15.38005066,4.145690918,-8.911224365,25673316211
15.31578064,1.303527832,-7.371124268,25673602284
15.08726501,1.244018555,-3.695831299,25673893192
12.33555603,2.791259766,-6.050018311,25674190634
7.239181519,2.058105469,-8.049530029,25674528793
1.252548218,3.510131836,-5.154998779,25674758200
-2.120437622,5.904785156,-5.226409912,25675073063
-4.081863403,6.623657227,-9.275421143,25675312851
-4.522232056,7.830505371,-13.72433472,25675597846
-6.000442505,8.708862305,-12.24136353,25676046743
-6.528884888,8.477966309,-7.394927979,25676157955
-7.999954224,8.178039551,-7.878143311,25676448853
-7.440567017,7.637695313,-9.663421631,25677022241
-8.011856079,6.207092285,-6.140472412,25677369283
-6.62171936,6.335632324,-3.988616943,25677604067
-4.912612915,6.495117188,-6.6355896,25677889851
-2.684585571,7.487731934,-8.001922607,25678175718
-3.33442688,6.249938965,-3.838653564,25678472963
-5.226821899,6.071411133,-2.577056885,25678747047
-4.010452271,7.552001953,-5.83102417,25679027755
-1.515823364,10.6036377,-7.68057251,25679323041
-1.925247192,10.95117188,-8.404205322,25679631791
-2.546524048,11.08685303,-4.976470947,25679892428
-5.060195923,10.90118408,-5.045501709,25680200070
-6.821670532,11.73669434,-7.466339111,25680459392
-5.883804321,13.35058594,-11.56771851,25680763413
-8.637893677,11.74621582,-10.13235474,25681037900
-12.63691711,10.33703613,-8.454193115,25681338197
-19.20436096,10.27990723,-9.496795654,25681622046
-19.3162384,11.87713623,-16.52365112,25681892391
-19.3162384,12.27227783,-19.57052612,25682188219
-19.3162384,0.1823730469,-2.900787354,25682472549
-19.3162384,-7.096801758,2.985870361,25682752501
-4.546035767,-8.029907227,-18.83261108,25683224922
19.6831665,-13.72851563,-19.68418884,25683324486
19.6831665,-19.46044922,-9.449188232,25683602600
19.6831665,-10.08416748,-7.797210693,25683961217
19.6831665,19.53895569,7.896575928,25684176149
19.6831665,19.53895569,19.31521606,25684476017
19.6831665,14.11706543,9.105804443,25684757016
2.359420776,-6.456481934,1.93850708,25685040917
-4.781692505,-11.22912598,-0.8727111816,25685328027
-0.7921905518,-4.297485352,-9.089752197,25685612659
6.125167847,4.588439941,-14.79788208,25685898326
8.338912964,8.513671875,-12.4984436,25686189947
9.87663269,7.832885742,-4.864593506,25686509996
12.62358093,7.616271973,-0.7727355957,25686808329
13.73521423,6.183288574,1.30770874,25687101081
12.68309021,5.047851563,0.4460144043,25687330214
14.0922699,7.275878906,-1.905792236,25687618095
14.04942322,6.647460938,-4.343292236,25687925266
12.3712616,6.095214844,-6.264251709,25688205715
9.848068237,6.975952148,-7.104522705,25688484609
6.725021362,6.949768066,-6.040496826,25688764125
1.081161499,5.845275879,-5.400177002,25689053968
-2.603652954,5.902404785,-5.050262451,25689332906
-5.986160278,6.792663574,-8.754119873,25689646556
-8.259414673,7.554382324,-11.91763306,25689913872
-9.55909729,9.273010254,-10.42752075,25690375707
-12.27986145,8.232788086,-9.434906006,25690477870
-17.27626038,4.852661133,-8.620819092,25690761233
-19.3162384,2.703186035,-4.766998291,25691048324
-18.29981995,3.940979004,-0.8512878418,25691336494
-14.7959137,4.793151855,0.5983581543,25691634808
-12.38935852,6.721252441,-3.752960205,25691964409
-9.992324829,9.296813965,-9.299224854,25692226818
-9.766189575,12.99591064,-10.21328735,25692495936
-10.53504944,12.89355469,-6.37612915,25692825385
-13.36054993,10.55603027,-3.598236084,25693060576
-15.53858948,9.76574707,-5.138336182,25693349375
-15.23866272,11.01544189,-7.973358154,25693639069
-16.79066467,10.42510986,-9.387298584,25693946907
-19.1353302,7.890014648,-9.494415283,25694224395
-19.1186676,5.119262695,-7.392547607,25694535091
-14.28651428,1.834350586,-4.271881104,25694778683
-6.436050415,-0.6959838867,-4.488494873,25695083834
5.00163269,-4.192749023,-9.865753174,25695352020
13.30674744,-13.90704346,-10.13473511,25695907068
19.6831665,-19.46044922,2.500274658,25696079050
19.6831665,-11.04107666,-3.757720947,25696279803
19.6831665,16.24273682,-16.01663208,25696508719
19.6831665,19.53895569,5.152008057,25696787521
19.6831665,19.53895569,3.100128174,25697090630
7.831893921,0.5251464844,-8.3565979,25697372059
2.099960327,-5.263916016,-7.856719971,25697641342
4.423202515,-2.37890625,-4.905059814,25697969303
8.124679565,2.717468262,-4.205230713,25698250173
18.21269226,9.818115234,-6.916473389,25698560312
19.6831665,9.91809082,-9.527740479,25698821516
19.6831665,3.588684082,-2.63180542,25699122587
19.67900085,-0.4365234375,5.418609619,25699448453
17.06773376,-1.869506836,4.133209229,25699731139
14.88493347,-0.2103881836,-3.257843018,25699924875
11.63334656,2.098571777,-8.016204834,25700219016
4.60887146,1.679626465,-9.296844482,25700511788
-2.760757446,1.927185059,-6.038116455,25700797906
-8.604568481,4.757446289,-3.783905029,25701085007
-9.337722778,8.892150879,-9.61819458,25701355584
-11.24916077,12.21990967,-15.35964966,25701669031
-11.29914856,14.96209717,-11.74862671,25701909260
-14.16749573,11.72717285,-10.40609741,25702218138
-19.3162384,6.345153809,-11.85574341,25702507251
-19.3162384,2.705566406,-9.403961182,25702788476
-19.3162384,3.58392334,-10.04904175,25703097161
-17.80470276,9.168273926,-14.25039673,25703369516
-9.147293091,16.53790283,-17.35916138,25703677237
-11.26106262,15.72143555,-12.84597778,25703943038
-17.81422424,10.37036133,-1.817718506,25704234801
-19.3162384,4.864562988,2.528839111,25704939589
-19.3162384,1.724853516,-1.277374268,25705017995
-19.3162384,1.172607422,-4.902679443,25705246964
-15.16249084,-0.7697753906,-3.648223877,25705448192
-8.295120239,-4.737854004,3.073944092,25705687899
2.992599487,-10.33886719,-6.438018799,25705938756
19.6831665,-18.83203125,-9.527740479,25706246830
19.6831665,-19.46044922,-11.66055298,25706543612
19.6831665,0.7393798828,-19.68418884,25706805357
19.6831665,19.53895569,-7.483001709,25707088548
19.6831665,19.53895569,18.2416687,25707389685
13.87565613,6.066650391,13.13815308,25707677894
1.119247437,-11.64569092,-1.305938721,25707965678
-5.617202759,-13.06439209,-11.1892395,25708238159
5.720504761,-2.33605957,-14.04330444,25708523196
11.33580017,5.409667969,-14.31466675,25708821605
14.5778656,6.661743164,-6.295196533,25709108349
14.98252869,5.066894531,3.283416748,25709388970
17.1224823,4.240905762,3.654754639,25709673856
19.6831665,4.462280273,-1.472564697,25709952431
19.6831665,2.826965332,-12.74124146,25710265106
13.74711609,0.7060546875,-10.4894104,25710555139
6.084701538,-1.238708496,-5.585845947,25710839863
-0.5612945557,-1.410095215,-5.193084717,25711144487
-3.346328735,1.698669434,-9.756256104,25711429108
-6.07661438,5.995239258,-11.13925171,25711717740
-9.175857544,4.688415527,-13.51248169,25711960279
-14.22224426,3.053100586,-17.54959106,25712308937
-16.80970764,-0.2151489258,-11.61532593,25712521462
-17.6452179,-1.074462891,-5.902435303,25712807260
-13.09394836,1.536804199,-9.437286377,25713106701
-6.72883606,5.240661621,-16.61410522,25713409257
-6.109939575,6.483215332,-15.2572937,25713712008
-7.507217407,8.494628906,-10.31564331,25714147508
-9.216323853,11.41772461,-8.318511963,25714414230
-12.26557922,10.31323242,-10.01809692,25714645005
-7.352493286,14.48840332,-18.20895386,25714845505
-7.076370239,14.85021973,-19.68418884,25715111129
-12.48933411,12.18896484,-14.06472778,25715403301
-19.3162384,9.770507813,-8.880279541,25715677013
-19.3162384,9.83001709,-19.68002319,25715979995
-19.3162384,13.38867188,-19.68418884,25716249174
-19.3162384,4.859802246,-3.031707764,25716561952
-19.3162384,-6.918273926,19.31521606,25716852479
-19.3162384,-16.2088623,-0.5489807129,25717109893
6.403671265,-14.39978027,-19.68418884,25717479587
19.6831665,-19.46044922,-14.28134155,25717682822
19.6831665,-19.46044922,-9.125457764,25717975129
19.6831665,5.973815918,-19.68418884,25718281603
19.6831665,19.53895569,-1.39163208,25718585251
19.6831665,19.53895569,19.31521606,25718836818
18.88395691,-2.72644043,8.272674561,25719107352
10.9382782,-12.46691895,-3.21975708,25719869986
17.93656921,-5.801879883,-9.732452393,25720016500
13.59239197,-5.851867676,-13.4458313,25720217160
9.8099823,-4.11895752,-0.8750915527,25720446195
13.57810974,-2.093261719,-0.7084655762,25720676367
10.904953,-1.429138184,-10.42514038,25720904729
5.37059021,0.3013916016,-8.349456787,25721134153
-2.670303345,-0.08898925781,-3.800567627,25721401597
-4.998306274,3.502990723,-1.877227783,25721695081
-7.247756958,4.843139648,-11.70339966,25721977810
-10.2660675,6.947387695,-16.79263306,25722271231
-11.20155334,9.758605957,-14.96212769,25722575491
-11.58955383,11.41296387,-13.32443237,25722862068
-11.84901428,10.60125732,-16.90927124,25723146502
-9.337722778,10.77264404,-18.32797241,25723454816
-4.636489868,12.32702637,-14.10757446,25723807875
-2.89881897,11.09637451,-6.302337646,25725987552
-6.224197388,10.40130615,-4.714630127,25726313236
-7.733352661,11.75097656,-9.113555908,25726478116
-6.888320923,14.35748291,-13.37442017,25726706442
-7.966629028,14.12420654,-13.07449341,25726936563
-9.813796997,10.21801758,-6.564178467,25727165015
-13.63905334,8.48034668,-4.602752686,25727394993
-15.46003723,11.33679199,-6.449920654,25727623181
-16.41694641,15.98803711,-12.78408813,25727824831
-19.3162384,16.29510498,-16.52841187,25728053003
-19.3162384,8.692199707,-15.67385864,25728283124
-19.3162384,-3.81427002,3.385772705,25728511584
-10.74214172,-7.818054199,1.110137939,25728741304
18.47215271,-14.88061523,-19.68418884,25728941354
19.6831665,-19.46044922,-2.438995361,25729170498
19.6831665,-17.387146,-8.22567749,25729400483
19.6831665,19.53895569,-16.40701294,25729628932
19.6831665,19.53895569,2.857330322,25729858557
10.83354187,-1.598144531,0.5364685059,25730058433
-19.3162384,-19.46044922,-3.307830811,25730288747
-14.97444153,-19.46044922,-16.86642456,25730516933
0.7479095459,-1.859985352,-14.4503479,25730747088
9.264877319,7.528198242,0.4841003418,25730975463
7.434371948,6.528442383,-0.9726867676,25731176729
7.927108765,5.857177734,-1.705841064,25731453504
7.689071655,3.710083008,-2.955535889,25731648963
12.84733582,6.802185059,-7.249725342,25731849205
18.15794373,7.206848145,-8.447052002,25732078881
17.05583191,3.841003418,-3.324493408,25732307783
15.03727722,0.2775878906,-2.310455322,25732537262
13.22105408,-0.9387817383,0.6483459473,25732765957
16.89872742,-0.3436889648,-2.965057373,25732966485
13.8447113,0.07525634766,-7.94241333,25733196228
10.85734558,3.969543457,-5.240692139,25733437597
7.343917847,3.810058594,-6.064300537,25733708067
1.490585327,3.522033691,-9.737213135,25734020648
-2.401321411,4.950256348,-11.72720337,25734292778
-7.671463013,7.692443848,-13.79574585,25734708943
-8.011856079,11.04638672,-10.7774353,25734871723
-11.09681702,11.02972412,-10.25613403,25735175215
-14.3841095,9.292053223,-14.02902222,25735482646
-16.90016174,7.00213623,-16.51651001,25735766735
-19.24720764,3.912414551,-12.70077515,25736008642
-19.3162384,1.153564453,-7.033111572,25736341633
-19.2591095,4.202819824,-8.294708252,25736583003
-12.32270813,10.77502441,-9.66104126,25736945750
-6.843093872,17.25201416,-10.55606079,25737133186
-7.190628052,17.9732666,-7.287811279,25737604299
-10.52076721,13.78857422,-4.993133545,25737733917
-13.60334778,14.32891846,-7.483001709,25738019303
-13.64619446,15.62145996,-2.41519165,25738306396
-15.20295715,14.36224365,1.345794678,25738848559
-19.3162384,11.09399414,-4.840789795,25739012167
-19.3162384,4.188537598,-14.13137817,25739241547
-15.63142395,-4.985412598,-10.44894409,25739470186
-7.75239563,-16.49688721,1.593353271,25739732401
14.60881042,-19.46044922,-9.351593018,25740019013
19.6831665,-19.46044922,-8.513702393,25740351531
19.6831665,-16.02319336,-6.007171631,25740601140
19.6831665,19.53895569,-19.68418884,25740874470
19.6831665,19.53895569,-18.76358032,25741260690
19.21244812,2.203308105,2.150360107,25741490487
-12.94160461,-19.46044922,8.927276611,25741834357
-19.3162384,-19.46044922,-10.74411011,25742025051
1.71434021,-2.297973633,-8.406585693,25742372326
10.147995,7.106872559,-12.91738892,25742593748
8.303207397,4.807434082,-9.894317627,25742965674
7.501022339,3.767211914,-2.386627197,25743197371
7.332015991,4.590820313,-0.09432983398,25743506943
10.03611755,5.057373047,-1.584442139,25743734897
16.25364685,6.540344238,-7.171173096,25744008787
14.5040741,3.929077148,-8.904083252,25744312510
14.22557068,0.7274780273,-5.459686279,25744608462
14.42790222,-1.262512207,-5.509674072,25744970419
15.85612488,-0.2032470703,-5.740570068,25745172095
13.03062439,0.4584960938,-7.233062744,25745453023
10.07658386,0.5965576172,-8.632720947,25745744148
7.903305054,1.667724609,-9.411102295,25746032349
3.949508667,0.846496582,-10.60842896,25746358484
0.2218475342,3.222106934,-10.0038147,25746605447
-2.667922974,5.726257324,-9.146881104,25746900545
-2.867874146,6.402282715,-10.06808472,25747224020
-6.290847778,6.102355957,-15.61672974,25747498331
-8.154678345,8.170898438,-17.69717407,25747793587
-8.437942505,8.642211914,-14.73361206,25748069999
-11.63478088,5.057373047,-10.95120239,25748472478
-17.62141418,1.336853027,-6.468963623,25748638791
-19.3162384,0.7465209961,-1.334503174,25748911248
-19.3162384,1.989074707,-0.006256103516,25749183831
-17.05250549,3.455383301,-4.13381958,25749568252
-10.32081604,8.275634766,-10.53463745,25749770676
-8.20942688,10.46557617,-14.6479187,25750043719
-9.62336731,10.875,-10.96548462,25750326469
-10.11372375,10.04187012,-5.171661377,25750615282
-11.41340637,9.446777344,-4.688446045,25750913910
-11.98469543,10.76550293,-7.525848389,25751223263
-8.29750061,13.2791748,-12.4079895,25751476790
-9.713821411,9.570556641,-16.76882935,25751760722
-10.90162659,5.176391602,-10.25137329,25752074452
-10.56123352,1.186889648,-3.755340576,25752329615
-3.48677063,0.6298828125,-5.6144104,25752618889
7.136825562,0.3656616211,-10.66555786,25752908539
8.296066284,-6.854003906,-7.178314209,25753202686
13.35435486,-14.78063965,-1.296417236,25753504091
19.06010437,-17.12768555,-4.193328857,25753781811
19.6831665,-6.089904785,-11.53439331,25755003705
19.6831665,11.50341797,-17.75906372,25755114063
19.6831665,19.53895569,-12.97927856,25755342759
19.6831665,19.53895569,-9.775299072,25755572926
8.691207886,0.1442871094,-4.445648193,25755801232
-3.453445435,-9.615234375,1.245819092,25756030760
-2.258499146,-6.784973145,-1.053619385,25756259809
2.756942749,-0.626953125,-6.871246338,25756461003
6.401290894,2.374694824,-11.69863892,25756689340
7.772384644,3.353027344,-13.63626099,25756919205
9.283920288,4.686035156,-11.48678589,25757147943
11.05967712,5.024047852,-6.378509521,25757377617
9.864730835,2.224731445,-5.288299561,25757577775
11.09062195,0.260925293,-8.368499756,25757806938
14.37077332,-0.1937255859,-8.135223389,25758137415
15.26579285,0.337097168,-10.43466187,25758346583
11.30961609,0.5299072266,-8.620819092,25758635107
12.91160583,2.086669922,-3.343536377,25758929070
10.91447449,1.089294434,-5.916717529,25759221022
4.635055542,-0.6150512695,-12.18661499,25759532875
1.990463257,2.029541016,-12.49368286,25759821299
3.035446167,5.633422852,-8.358978271,25760102598
-1.451553345,5.502502441,-7.068817139,25760439502
-5.879043579,5.345397949,-7.147369385,25760640438
-6.371780396,6.595092773,-7.437774658,25760923524
-6.326553345,8.08996582,-9.808624268,25761340472
-8.528396606,8.401794434,-9.506317139,25761497526
-9.839981079,8.399414063,-8.392303467,25761795610
-11.19441223,8.273254395,-8.9659729,25762069202
-11.00874329,7.699584961,-6.040496826,25762365669
-11.60145569,6.780761719,-2.605621338,25762743180
-13.54859924,4.855041504,-1.822479248,25762964142
-9.549575806,7.91619873,-3.4815979,25763204562
-6.655044556,8.820739746,-5.276397705,25763514606
-4.453201294,10.6774292,-7.661529541,25763853980
-4.681716919,10.21801758,-6.130950928,25764083065
-7.066848755,8.930236816,-4.086212158,25765717665
-10.50648499,8.02331543,-3.629180908,25765857850
-12.9178009,7.321105957,-3.795806885,25766087896
-11.78474426,8.061401367,-2.553253174,25766315968
-9.756668091,9.994262695,-4.72177124,25766546185
-10.54933167,9.929992676,-7.435394287,25766774455
-10.82307434,8.477966309,-6.328521729,25766975904
-12.22987366,5.504882813,-5.645355225,25767204221
-11.09919739,4.371826172,-4.093353271,25767434114
-6.481277466,4.23614502,-3.795806885,25767662960
-2.09425354,4.245666504,-6.730804443,25767893013
1.645309448,1.734375,-6.649871826,25768092846
7.02494812,0.3823242188,-2.208099365,25769057879
9.012557983,-5.218688965,-4.876495361,25769224297
17.37004089,-7.682373047,-11.38442993,25769453654
19.6831665,-9.315307617,-14.48605347,25769682414
19.6831665,-4.823547363,-14.78121948,25769883551
19.6831665,4.82409668,-17.44723511,25770112129
19.23625183,10.93450928,-10.80838013,25770341800
15.18962097,10.78692627,0.2079772949,25770570630
10.04801941,5.316833496,-3.19833374,25770800273
3.80430603,0.05621337891,-8.0519104,25771000328
4.899276733,-0.3460693359,-6.806976318,25771231678
4.420822144,0.9036254883,-6.72366333,25771459036
4.118515015,0.8869628906,-7.673431396,25771689936
3.973312378,1.239257813,-8.751739502,25771917435
4.004257202,1.141662598,-7.2449646,25772117928
4.49937439,1.781982422,-6.928375244,25772347500
5.427719116,2.774597168,-8.147125244,25772576168
5.872848511,2.976928711,-9.287322998,25772806007
8.081832886,3.205444336,-9.765777588,25773034513
10.95732117,3.074523926,-9.387298584,25773245219
10.50743103,2.786499023,-5.776275635,25773626989
10.7240448,1.263061523,-5.652496338,25774389967
8.512680054,0.06097412109,-7.011688232,25774582501
9.038742065,-0.1842041016,-7.313995361,25774810991
9.917098999,-0.372253418,-9.373016357,25775040401
9.414840698,0.6560668945,-9.737213135,25775270158
9.964706421,1.067871094,-8.942169189,25775499299
11.28343201,2.598449707,-8.07333374,25775699504
9.04826355,2.826965332,-7.175933838,25775928451
6.22038269,2.572265625,-6.388031006,25776158457
1.642929077,3.329223633,-7.780548096,25776386796
-1.718154907,5.197814941,-9.149261475,25776708559
-3.622451782,6.316589355,-11.2225647,25777324560
-5.950454712,6.092834473,-10.40133667,25777596140
-6.198013306,5.400146484,-6.623687744,25777733428
-7.583389282,4.221862793,-8.780303955,25777934905
-8.326065063,3.886230469,-13.41012573,25778163703
-7.531021118,5.907165527,-16.21658325,25778446219
-7.735733032,5.273986816,-14.98355103,25778686760
-8.685501099,2.165222168,-9.572967529,25778995098
-9.444839478,1.529663086,-7.211639404,25779253212
-6.762161255,4.229003906,-10.37991333,25779581399
-3.679580688,7.478210449,-12.15328979,25779906436
-2.913101196,8.194702148,-11.84146118,25780115638
-3.841445923,6.97833252,-9.296844482,25780397542
-5.036392212,6.376098633,-7.221160889,25780682845
-6.324172974,5.992858887,-5.704864502,25780971894
-6.148025513,7.337768555,-7.325897217,25781264932
-7.488174438,8.06854248,-11.5843811,25781811576
-8.335586548,8.125671387,-13.21969604,25781988170
-8.295120239,7.13067627,-10.87741089,25782188618
-8.70930481,6.007141113,-8.873138428,25782418194
-8.49269104,5.654846191,-8.170928955,25782687160
-7.395339966,4.426574707,-9.558685303,25783054145
-8.190383911,0.3085327148,-9.756256104,25783261261
-3.934280396,-3.442932129,-5.842926025,25783560341
2.442733765,-7.934692383,-7.18069458,25783908368
7.443893433,-14.6116333,-12.03189087,25786257041
17.48667908,-14.48309326,-12.37228394,25786457519
19.6831665,-7.413391113,-11.58200073,25790621336
19.6831665,5.671508789,-13.2482605,25790712243
19.6831665,15.32629395,-4.421844482,25790913560
19.6831665,17.99468994,-0.6941833496,25791141983
10.67881775,4.269470215,-11.73196411,25791371939
0.8550262451,-5.928039551,-7.152130127,25791601280
-1.975234985,-5.809020996,-5.578704834,25791830603
-0.7921905518,-2.231323242,-5.304962158,25792030138
2.002365112,1.067871094,-8.799346924,25792259664
2.82359314,1.620117188,-10.2585144,25792488607
3.456771851,2.086669922,-9.703887939,25792718300
5.115890503,2.477050781,-6.902191162,25792946951
6.129928589,2.724609375,-7.31161499,25793147311
7.255844116,2.860290527,-8.194732666,25793377941
10.48600769,3.924316406,-8.604156494,25793606214
14.20652771,5.17401123,-8.642242432,25793835882
16.76304626,4.348022461,-9.830047607,25794064228
17.18675232,1.305908203,-7.592498779,25794265820
15.14439392,-0.8745117188,-3.598236084,25794494000
14.28269958,-2.000427246,-4.571807861,25794724019
11.98088074,-1.698120117,-8.413726807,25794952390
9.531478882,-0.02233886719,-10.0942688,25795182532
8.148483276,1.49395752,-9.870513916,25795410827
4.116134644,2.224731445,-9.427764893,25795612298
-0.2185211182,1.422546387,-7.851959229,25795840638
-1.960952759,4.229003906,-8.473236084,25796071032
-4.29133606,6.104736328,-10.74172974,25796299575
-5.907608032,7.004516602,-12.88406372,25796529001
-8.197525024,4.790771484,-13.77908325,25796729346
-9.587661743,2.943603516,-13.0340271,25796958504
-10.03279114,3.569641113,-11.04403687,25797187957
-10.0280304,5.65246582,-9.346832275,25797416334
-9.173477173,5.681030273,-7.266387939,25797646597
-7.873794556,6.314208984,-6.164276123,25797846152
-7.445327759,6.578430176,-9.703887939,25798076237
-6.100418091,7.318725586,-10.64175415,25798304575
-5.800491333,7.323486328,-7.085479736,25798534548
-6.355117798,5.114501953,-3.336395264,25798763551
-8.190383911,3.857666016,-2.43661499,25798963982
-7.531021118,4.969299316,-4.545623779,25799192863
-6.721694946,7.194946289,-7.109283447,25799422348
-5.150650024,8.944519043,-9.453948975,25799651104
-5.433914185,8.882629395,-9.427764893,25799880258
-7.007339478,7.028320313,-8.339935303,25800109971
-7.780960083,6.247558594,-7.682952881,25800310084
-7.002578735,6.445129395,-6.411834717,25800540660
-6.062332153,7.478210449,-6.102386475,25800768528
-5.203018188,7.794799805,-5.70010376,25800998535
-5.276809692,7.847167969,-5.928619385,25801226879
-5.86000061,7.416320801,-5.085968018,25801428275
-5.369644165,9.48248291,-6.045257568,25801656593
-3.110671997,11.65338135,-10.0609436,25801886658
-4.679336548,7.313964844,-13.24349976,25802115148
-7.081130981,1.367797852,-5.040740967,25802345127
-4.891189575,-3.545288086,-2.603240967,25802544782
4.573165894,-4.149902344,-6.806976318,25802780074
12.14988708,-8.58215332,-9.058807373,25803003658
16.389328,-12.12176514,-7.585357666,25803237521
19.6831665,1.294006348,-6.564178467,25803462067
19.6831665,19.15155029,-17.44247437,25803662214
19.6831665,19.53895569,-9.822906494,25803891970
18.17936707,9.80859375,-6.859344482,25804120584
-1.791946411,-7.756164551,-3.467315674,25804350198
-4.384170532,-7.913269043,-8.716033936,25804579208
0.6836395264,-1.112548828,-7.844818115,25804780206
5.137313843,3.407775879,-7.81149292,25805009050
6.603622437,5.078796387,-10.17282104,25805238501
5.482467651,4.695556641,-7.685333252,25805467216
6.237045288,4.600341797,-6.333282471,25805696735
7.013046265,3.819580078,-6.499908447,25805925586
8.331771851,4.012390137,-6.261871338,25806126698
11.48814392,4.312316895,-5.933380127,25806355487
11.79283142,3.838623047,-6.554656982,25806585049
8.388900757,1.372558594,-5.67868042,25806813756
7.843795776,1.229736328,-3.936248779,25807042983
9.686203003,2.748413086,-1.598724365,25807244049
11.57145691,4.669372559,-1.712982178,25807472667
9.995651245,4.424194336,-3.364959717,25807702604
7.370101929,3.926696777,-6.802215576,25807931277
2.190414429,3.383972168,-8.799346924,25808160546
-1.004043579,4.464660645,-4.678924561,25808360878
-2.641738892,6.238037109,0.717376709,25808590558
-2.9868927,7.156860352,2.421722412,25808819270
-4.605545044,8.411315918,0.01754760742,25809048876
-6.878799438,9.046875,-4.160003662,25809277671
-7.038284302,7.963806152,-3.174530029,25809478750
-5.16255188,8.289916992,0.5793151855,25809707443
-2.103775024,9.399169922,4.099884033,25809939688
-1.841934204,11.0559082,6.230316162,25810165922
-1.030227661,11.01544189,6.980133057,25810400892
-4.18421936,8.656494141,8.672576904,25810624367
1.980941772,11.02258301,8.472625732,25810824787
3.925704956,11.90332031,8.301239014,25811118815
-0.6517486572,7.333007813,7.898956299,25811340724
2.878341675,8.039978027,12.60971069,25812029335
4.927841187,5.711975098,9.279571533,25812177481
6.339401245,6.595092773,8.072723389,25812401040
