-2.410842896,14.33129883,-5.04788208,67052372434
-1.841934204,14.98828125,-4.836029053,67052654844
-0.7279205322,15.38104248,-4.645599365,67053142106
-0.7136383057,14.45983887,-4.021942139,67053322249
-0.6089019775,13.42199707,-3.69821167,67053537352
-1.280166626,12.58410645,-2.534210205,67053780718
-1.59437561,11.78430176,-1.936737061,67054046118
-0.8636016846,11.18206787,-2.693695068,67054323680
0.1004486084,11.45819092,-2.469940186,67054613661
-0.3399200439,11.14398193,-1.529693604,67054900034
-1.427749634,10.66314697,-1.498748779,67055187200
-1.596755981,10.50604248,-2.236663818,67055475056
-1.030227661,10.66552734,-2.991241455,67055765891
-0.1352081299,10.65124512,-3.493499756,67056045310
0.1956634521,10.95117188,-3.231658936,67056371652
-0.1756744385,10.98449707,-2.477081299,67056685946
0.293258667,10.86785889,-2.3699646,67056974034
0.7598114014,10.72741699,-2.324737549,67057428537
1.483444214,10.61553955,-2.060516357,67057586292
1.988082886,10.43463135,-0.7013244629,67057809057
0.8788299561,9.951416016,0.9530334473,67058073275
-0.5351104736,9.082580566,0.9554138184,67058372804
-1.077835083,8.511291504,0.3174743652,67058716762
-1.365859985,7.975708008,-0.1562194824,67058979152
-1.94190979,7.528198242,0.1794128418,67059229508
-2.546524048,7.375854492,0.8387756348,67059513660
-2.798843384,7.178283691,1.281524658,67059814175
-3.098770142,7.228271484,1.540985107,67060100574
-3.136856079,7.104492188,1.200592041,67060376467
-3.07258606,7.275878906,1.374359131,67060659703
-3.284439087,7.318725586,1.345794678,67060945865
-2.896438599,7.818603516,1.602874756,67061251047
-2.894058228,7.913818359,1.648101807,67061530142
-2.627456665,7.978088379,1.800445557,67061808127
-2.415603638,8.232788086,2.143218994,67062093682
-2.848831177,8.444641113,2.857330322,67062378312
-2.646499634,8.739807129,3.102508545,67062677766
-2.925003052,8.854064941,3.492889404,67062976578
-2.915481567,8.870727539,3.390533447,67063237674
-2.70362854,9.00402832,3.219146729,67063532656
-2.884536743,8.925476074,2.971588135,67063808409
-2.810745239,8.796936035,2.945404053,67064113957
-2.815505981,8.756469727,2.824005127,67064421322
-2.632217407,8.661254883,2.538360596,67064671270
-1.946670532,8.942138672,3.023956299,67064958307
-2.3775177,8.956420898,3.478607178,67065212436
-2.032363892,9.006408691,2.8097229,67065511697
-1.458694458,9.320617676,2.300323486,67065848378
-1.656265259,9.563415527,2.502655029,67066108512
-0.9850006104,9.013549805,2.376495361,67066393948
-0.7017364502,8.078063965,2.659759521,67066678689
-2.598892212,7.075927734,3.616668701,67066979325
-4.086624146,6.135681152,3.638092041,67067232370
-3.479629517,5.985717773,1.671905518,67067537851
-2.303726196,6.014282227,-1.227386475,67067827828
-1.739578247,5.983337402,-3.169769287,67068110103
-1.706253052,6.097595215,-2.996002197,67068412828
-1.711013794,6.292785645,-1.665374756,67068734928
-2.041885376,5.985717773,-0.5156555176,67068956837
-2.977371216,5.752441406,0.4841003418,67069240391
-2.815505981,5.854797363,1.145843506,67069538605
-2.596511841,5.628662109,0.6197814941,67069846081
-2.196609497,5.545349121,-0.8965148926,67070116355
-1.901443481,6.185668945,-1.91293335,67070402147
-1.625320435,7.430603027,-2.324737549,67070705429
-0.6303253174,9.722900391,-2.503265381,67071011719
-0.2042388916,12.01281738,-3.617279053,67071277121
-2.444168091,13.96472168,-6.516571045,67071551983
-1.422988892,16.57122803,-10.0038147,67071834972
-1.449172974,19.40863037,-12.86264038,67072171893
-3.479629517,19.53895569,-15.44058228,67072387347
-4.543655396,19.53895569,-18.88735962,67072639845
-4.507949829,19.53895569,-19.68418884,67072944480
-3.427261353,19.53895569,-19.68418884,67073207261
0.009994506836,19.05633545,-19.68418884,67073504421
3.187789917,19.40386963,-18.04232788,67073836166
5.401535034,19.53895569,-13.9147644,67074104449
8.565048218,18.37792969,-13.18875122,67074360379
9.924240112,14.21704102,-13.31015015,67074706448
11.1025238,10.20849609,-12.67459106,67074929734
12.0332489,9.24206543,-9.841949463,67075281505
14.14463806,7.582946777,-5.840545654,67075554734
14.00419617,4.612243652,-0.196685791,67075843983
13.34959412,0.3966064453,3.250091553,67076069491
10.36698914,-3.419128418,3.835662842,67076391982
8.172286987,-4.928283691,1.78616333,67076657159
5.596725464,-3.369140625,4.404571533,67077003907
2.580795288,-1.038757324,9.215301514,67077274101
1.121627808,0.9060058594,8.375030518,67077516625
-0.3399200439,2.624633789,5.930389404,67077854753
-1.639602661,4.221862793,3.459564209,67078078397
-1.601516724,6.354675293,1.000640869,67078437001
-1.644363403,8.335144043,-0.001495361328,67078707836
-1.408706665,10.51318359,0.4841003418,67078983459
-1.682449341,12.33416748,4.042755127,67079529089
-1.794326782,13.2053833,5.166290283,67079739386
-1.937149048,12.77215576,1.819488525,67079954772
-2.325149536,12.22943115,-0.829864502,67080170060
-2.972610474,11.69384766,-2.11050415,67080399967
-3.484390259,11.23919678,-1.172637939,67080714642
-3.551040649,11.45581055,-0.2038269043,67080970691
-4.862625122,10.37512207,-0.1181335449,67081228380
-5.621963501,9.639587402,-0.958404541,67081512289
-5.650527954,9.646728516,-1.71774292,67081801581
-5.569595337,9.737182617,-1.432098389,67082084829
-4.943557739,10.55841064,-0.349029541,67082443993
-5.167312622,10.63934326,-0.1062316895,67082665962
-5.219680786,10.2322998,-0.2847595215,67082940019
-5.495803833,9.653869629,0.04611206055,67083227955
-6.019485474,8.994506836,0.6245422363,67083514876
-5.331558228,8.730285645,0.4483947754,67083862290
-4.550796509,8.606506348,0.09848022461,67084162608
-4.236587524,8.558898926,0.2484436035,67084366448
-3.57484436,8.718383789,0.2413024902,67084666089
-2.675064087,8.956420898,0.4531555176,67084938194
-2.453689575,9.173034668,1.167266846,67085227724
-1.925247192,9.884765625,2.24319458,67085512066
-1.275405884,9.825256348,2.15512085,67085905202
-0.6160430908,9.396789551,2.312225342,67086243054
-1.558670044,8.411315918,3.214385986,67086434017
-2.346572876,7.5234375,3.783294678,67086649627
-3.553421021,6.809326172,3.773773193,67086914103
-2.744094849,7.26159668,3.438140869,67087202300
-2.232315063,7.525817871,3.604766846,67087557175
-2.239456177,8.178039551,4.166534424,67087785544
-1.382522583,9.37298584,3.91897583,67088069303
-1.806228638,9.572937012,2.969207764,67088353074
-1.906204224,9.365844727,2.019439697,67088640840
-1.518203735,9.327758789,2.11227417,67088943219
-1.927627563,9.087341309,3.378631592,67089216900
-1.580093384,8.882629395,3.885650635,67089498339
-1.59437561,8.358947754,4.261749268,67089786097
-2.296585083,7.513916016,3.604766846,67090068090
-2.960708618,6.511779785,1.729034424,67090361351
-3.05116272,6.114257813,-0.03720092773,67090641721
-1.203994751,6.723632813,0.7054748535,67090938711
0.1194915771,7.768615723,2.138458252,67091220892
0.0004730224609,7.742431641,2.674041748,67091531037
-1.144485474,6.735534668,1.898040771,67091814761
-1.434890747,5.71673584,-0.8893737793,67092085327
-0.7160186768,6.007141113,-1.672515869,67092382716
1.054977417,7.473449707,-0.7013244629,67092707061
1.093063354,7.897155762,0.07467651367,67092940830
1.340621948,8.237548828,-0.02053833008,67093362322
1.704818726,9.101623535,-1.201202393,67093583705
1.233505249,10.18231201,-1.629669189,67093830213
0.9335784912,10.82977295,-2.743682861,67094055139
0.02665710449,11.69622803,-4.886016846,67094341487
-0.4827423096,13.8314209,-6.457061768,67094710413
-0.9421539307,15.63336182,-7.04977417,67094945266
-1.944290161,17.56384277,-7.771026611,67095218420
-3.74861145,19.53895569,-7.961456299,67095503851
-3.482009888,19.53895569,-11.25350952,67095792088
-5.752883911,19.53895569,-14.58364868,67096076429
-8.040420532,19.53895569,-17.14254761,67096363726
-6.900222778,19.53895569,-19.68418884,67096646436
-2.282302856,19.53895569,-19.68418884,67096936533
2.666488647,19.53895569,-19.68418884,67097218596
5.499130249,19.53895569,-18.11849976,67097520801
9.795700073,19.53895569,-15.38345337,67097811657
11.78092957,19.53895569,-14.93118286,67098077527
12.7664032,14.26702881,-18.78024292,67098359644
18.29838562,11.58435059,-15.12399292,67098647062
19.13865662,10.21563721,-1.924835205,67098932708
15.48002625,6.661743164,9.224822998,67099224044
13.3591156,1.703430176,7.056304932,67099513871
13.78282166,-2.176574707,-0.501373291,67099782979
11.45957947,-5.07824707,-4.43850708,67100078970
7.589096069,-6.094665527,-0.06814575195,67100534318
3.99949646,-6.061340332,5.071075439,67100748517
0.2694549561,-6.477905273,5.487640381,67100991202
-0.7303009033,-4.873535156,5.328155518,67101307950
-0.3470611572,-1.419616699,7.534759521,67101509593
0.6574554443,2.396118164,8.136993408,67101795435
2.471298218,7.171142578,11.00296021,67102074868
2.576034546,10.39416504,11.73373413,67102342998
1.002609253,10.5869751,7.489532471,67102673276
0.2266082764,10.18469238,2.481231689,67102923935
-0.9135894775,9.59197998,-0.601348877,67103205268
-1.803848267,10.18231201,1.005401611,67103485097
-2.846450806,11.75335693,3.50479126,67103871061
-3.891433716,12.11993408,2.938262939,67104055971
-4.212783813,11.85095215,0.2746276855,67104352320
-4.160415649,12.19610596,-1.310699463,67104630674
-4.743606567,13.01019287,0.8387756348,67104966562
-5.486282349,12.94830322,1.688568115,67105211508
-5.883804321,12.10089111,-0.0110168457,67105491772
-6.395584106,10.77740479,-2.098602295,67105784130
-7.340591431,9.870483398,-2.30569458,67106066224
-7.754776001,9.594360352,-0.5394592285,67106372272
-7.271560669,9.944274902,0.4841003418,67106640277
-7.504837036,9.353942871,0.7364196777,67106930408
-7.726211548,8.889770508,0.6078796387,67107215278
-6.9478302,8.718383789,0.08895874023,67107666319
-5.776687622,8.93737793,-0.3133239746,67107791478
-4.393692017,9.251586914,-0.2871398926,67108054107
-4.191360474,9.3515625,0.8982849121,67108352353
-3.962844849,9.59197998,2.114654541,67108628198
-4.355606079,9.237304688,1.441009521,67108928053
-3.955703735,8.975463867,0.0627746582,67109235988
-2.060928345,9.013549805,-1.736785889,67109487057
-2.46321106,8.923095703,-0.03005981445,67109770951
-3.705764771,8.83026123,2.635955811,67110062940
-4.300857544,7.794799805,1.821868896,67110481685
-4.300857544,6.968811035,0.3674621582,67110651720
-4.453201294,6.809326172,1.131561279,67110916288
-4.984024048,6.797424316,2.990631104,67111203282
-4.688858032,7.08782959,4.402191162,67111580918
-5.007827759,7.021179199,4.654510498,67111779376
-4.477005005,7.173522949,3.473846436,67112086688
-4.253250122,7.321105957,2.497894287,67112350075
-4.188980103,7.666259766,2.490753174,67112632703
-3.72718811,7.875732422,2.078948975,67112922978
-3.92237854,7.880493164,1.543365479,67113207829
-4.022354126,7.768615723,1.32913208,67113529618
-3.939041138,8.173278809,1.736175537,67113780513
-3.924758911,8.423217773,2.685943604,67114073883
-3.265396118,8.801696777,3.590484619,67114355766
-3.565322876,8.987365723,4.083221436,67114654521
-3.184463501,9.056396484,3.514312744,67114939405
-2.872634888,9.113525391,3.076324463,67115223711
-2.322769165,9.265869141,3.271514893,67115483040
-1.691970825,9.303955078,3.452423096,67115764541
-1.596755981,9.008789063,3.042999268,67116088694
-1.634841919,8.775512695,3.050140381,67116388216
-1.718154907,8.625549316,3.226287842,67116773113
-1.234939575,8.247070313,2.65737915,67116920346
-1.184951782,7.256835938,1.855194092,67117226998
-0.1875762939,7.34967041,0.4960021973,67117508947
0.1790008545,7.037841797,-1.006011963,67117819314
0.7169647217,7.078308105,-0.9607849121,67118062295
-0.3303985596,6.476074219,0.9673156738,67118348429
-1.234939575,5.531066895,2.245574951,67118654771
-0.468460083,4.355163574,-0.7989196777,67118938933
1.045455933,4.002868652,-2.777008057,67119242878
1.385848999,3.745788574,-1.529693604,67119491877
-0.4922637939,3.638671875,0.3793640137,67119799107
0.419418335,4.988342285,-0.299041748,67120086647
4.270858765,8.356567383,-2.365203857,67120372731
5.591964722,9.946655273,-2.331878662,67120682301
4.518417358,10.04663086,-1.289276123,67120946871
2.925949097,9.422973633,-2.45803833,67121231898
3.444869995,10.55603027,-7.130706787,67121519557
5.30632019,13.41009521,-10.07284546,67121805180
4.163742065,15.52862549,-7.582977295,67122207596
4.068527222,17.63525391,-6.902191162,67122331571
3.373458862,19.41577148,-7.975738525,67122615779
0.8169403076,19.53895569,-12.50320435,67122901123
-3.293960571,19.53895569,-15.43344116,67123211388
-4.331802368,19.53895569,-15.61196899,67123557981
-5.103042603,19.53895569,-13.37442017,67123807226
-2.318008423,19.53895569,-17.86618042,67124096865
-1.35395813,19.53895569,-19.68418884,67124395266
1.733383179,19.53895569,-19.68418884,67124665661
10.73356628,19.53895569,-19.68418884,67124980894
19.15055847,19.53895569,-19.68418884,67125204190
19.6831665,19.53895569,-19.68418884,67125535995
19.6831665,19.53895569,-19.68418884,67125813154
19.6831665,15.61193848,-19.68418884,67126108504
19.6831665,6.711730957,-19.68418884,67126421572
19.6831665,-0.6888427734,-9.349212646,67126639922
19.6831665,-4.499816895,8.570220947,67126958643
19.60997009,-8.351257324,11.76229858,67127191441
16.18937683,-11.5980835,2.876373291,67127530774
14.63261414,-9.855651855,1.61239624,67127833537
13.20439148,-8.034667969,4.035614014,67128080987
11.24058533,-6.323181152,8.0965271,67128391878
5.139694214,-7.782348633,8.667816162,67128630713
2.464157104,-7.077758789,6.342193604,67128963260
1.999984741,-3.985656738,7.934661865,67129247833
1.652450562,-0.3460693359,10.99819946,67129586082
2.421310425,3.403015137,10.78158569,67129755098
2.578414917,6.06427002,8.108428955,67130029784
1.228744507,7.761474609,6.351715088,67130511775
0.4217987061,8.535095215,4.971099854,67130727588
-0.3351593018,10.44415283,5.002044678,67130971280
-0.5636749268,12.83166504,4.449798584,67131228219
-1.030227661,13.83380127,2.171783447,67131471459
-1.887161255,14.02185059,0.05801391602,67131773514
-2.46321106,14.14086914,-1.146453857,67132057400
-3.467727661,13.67907715,-3.41494751,67132351975
-3.972366333,14.12420654,-1.308319092,67132660370
-4.810256958,13.85046387,2.835906982,67132901964
-4.122329712,13.07922363,2.943023682,67133229141
-4.100906372,11.50817871,0.5840759277,67133486380
-4.481765747,10.80834961,-0.2395324707,67133777025
-6.409866333,9.353942871,0.0627746582,67134091882
-6.471755981,8.83026123,0.08895874023,67134338054
-6.731216431,8.454162598,1.417205811,67134690556
-6.343215942,8.256591797,2.583587646,67134915515
-6.633621216,7.416320801,1.081573486,67135221050
-8.433181763,6.45703125,0.3579406738,67135516464
-8.330825806,6.097595215,-1.615386963,67135770101
-6.540786743,6.928344727,-1.486846924,67136054937
-6.390823364,7.770996094,0.9506530762,67136430253
-6.540786743,7.84954834,2.519317627,67136611864
-5.103042603,8.368469238,2.171783447,67136896254
-4.086624146,8.544616699,1.519561768,67137186018
-2.92024231,8.7421875,1.574310303,67137472871
-3.401077271,8.758850098,2.226531982,67137825104
-3.848587036,9.189697266,3.164398193,67138049598
-3.248733521,9.313476563,2.424102783,67138341416
-3.036880493,9.303955078,2.174163818,67138627160
-2.608413696,8.91595459,1.619537354,67138913813
-3.555801392,9.094482422,2.186065674,67139197040
-4.526992798,9.108764648,2.138458252,67139478888
-4.298477173,8.696960449,0.8982849121,67139771201
-4.260391235,8.601745605,1.13394165,67140053145
-4.112808228,8.313720703,1.383880615,67140341346
-3.567703247,8.530334473,1.898040771,67140617770
-3.960464478,8.649353027,1.638580322,67140912498
-3.667678833,8.377990723,0.845916748,67141197672
-2.853591919,7.842407227,-0.02529907227,67141484222
-2.522720337,7.34967041,0.1984558105,67141770381
-2.684585571,7.45916748,1.550506592,67142055526
-3.391555786,7.992370605,2.98348999,67142342059
-3.165420532,7.973327637,1.781402588,67142764283
-3.00831604,8.113769531,-0.6180114746,67142943261
-2.741714478,7.76385498,-2.160491943,67143196367
-2.791702271,7.492492676,-1.141693115,67143615078
-2.779800415,7.354431152,-0.1538391113,67143823967
-2.253738403,7.123535156,-0.1109924316,67144041622
-2.044265747,7.263977051,1.583831787,67144322741
-2.722671509,6.84979248,2.607391357,67144610798
-2.344192505,6.090454102,2.219390869,67144904602
-2.127578735,5.692932129,0.01040649414,67145230953
-1.727676392,5.595336914,-2.336639404,67145517040
-1.449172974,6.011901855,-2.141448975,67145780413
-1.203994751,7.099731445,-0.2847595215,67146053415
0.1290130615,8.039978027,0.1936950684,67146350206
0.6098480225,8.206604004,0.3198547363,67146630635
1.869064331,9.084960938,-0.9655456543,67146948689
2.62840271,9.48248291,-2.148590088,67147195076
4.406539917,10.18469238,-2.655609131,67147479077
4.361312866,10.75360107,-2.498504639,67147764884
2.561752319,10.42987061,-3.572052002,67148063929
4.085189819,12.24133301,-7.185455322,67148341505
5.277755737,14.8026123,-8.466094971,67148622012
2.352279663,15.87139893,-6.964080811,67148906922
1.807174683,18.14465332,-9.144500732,67149193696
-1.65864563,19.53895569,-13.6600647,67149500192
-2.001419067,19.53895569,-19.68418884,67149769828
-2.308486938,19.53895569,-19.68418884,67150052448
-5.238723755,19.53895569,-19.68418884,67150334609
-2.089492798,19.53895569,-19.68418884,67150792379
0.700302124,19.53895569,-19.68418884,67150889162
5.318222046,19.53895569,-19.68418884,67151181680
12.10466003,19.53895569,-19.68418884,67151464628
15.99894714,19.53895569,-19.68418884,67151749501
19.6831665,19.53895569,-19.68418884,67152053833
19.6831665,19.53895569,-19.66812134,67152334903
19.6831665,11.42010498,-19.68418884,67152621970
19.6831665,2.548461914,-8.687469482,67152910381
19.6831665,-0.9244995117,9.531890869,67153190242
19.6831665,-11.1362915,5.292449951,67153475567
15.86326599,-16.53259277,-2.622283936,67153761507
11.38102722,-15.98748779,-4.855072021,67154051166
10.25035095,-11.65759277,2.6121521,67154336010
4.749313354,-8.660705566,11.71469116,67154618442
0.3075408936,-6.458862305,15.26858521,67154905234
0.3170623779,-2.697875977,14.9067688,67155192129
1.04069519,2.253295898,12.22409058,67155476983
1.535812378,7.206848145,11.25527954,67155758555
1.8881073,11.02972412,10.49356079,67156046030
0.5741424561,12.69598389,10.93869019,67156331967
-0.3042144775,12.65789795,7.939422607,67156622622
-1.54914856,11.69622803,4.126068115,67156907238
-2.334671021,11.26062012,-0.5204162598,67157211909
-2.713150024,11.44866943,-1.263092041,67157471778
-3.336807251,11.82952881,-1.493988037,67157765427
-3.424880981,12.23181152,-1.767730713,67158036476
-4.253250122,11.3939209,-2.034332275,67158321963
-4.888809204,10.66790771,-1.855804443,67158612661
-5.826675415,10.00140381,-0.2609558105,67158895488
-6.671707153,9.001647949,-0.6727600098,67159186253
-5.90284729,8.856445313,-1.970062256,67159464697
-6.0337677,8.89453125,-1.89151001,67159717482
-6.628860474,9.101623535,-1.774871826,67159998906
-5.279190063,10.40368652,-1.836761475,67160288507
-4.42225647,11.02972412,-0.9941101074,67160582105
-4.798355103,10.77740479,0.7268981934,67160856476
-4.955459595,10.25134277,1.660003662,67161148890
-4.569839478,9.561035156,0.9054260254,67161432453
-3.750991821,9.184936523,-0.07290649414,67161770801
-3.889053345,8.999267578,-0.1514587402,67161999725
-3.919998169,8.963562012,0.6507263184,67162295476
-4.179458618,8.95880127,0.7245178223,67162607732
-3.969985962,9.334899902,-0.1014709473,67162905709
-3.015457153,9.768127441,-1.679656982,67163177503
-2.503677368,9.972839355,-2.319976807,67163477418
-3.950942993,9.56817627,-0.1752624512,67163900114
-5.407730103,8.934997559,0.5126647949,67164076536
-6.405105591,7.91619873,-0.2895202637,67164341786
-6.759780884,7.511535645,-0.1585998535,67164609714
-6.552688599,7.482971191,0.6531066895,67164899398
-7.46913147,7.309204102,1.878997803,67165274598
-7.373916626,7.209228516,2.228912354,67165458803
-6.286087036,6.735534668,1.391021729,67165760277
-6.790725708,5.614379883,1.007781982,67166039298
-6.800247192,4.512268066,1.048248291,67166340225
-6.502700806,4.271850586,1.552886963,67166615254
-6.521743774,4.328979492,1.790924072,67166912531
-5.029251099,5.428710938,1.774261475,67167201476
-4.272293091,6.968811035,3.519073486,67167474042
-2.979751587,8.723144531,4.278411865,67167772906
-1.906204224,10.01806641,3.690460205,67168052572
-1.901443481,10.67504883,2.876373291,67168345226
-2.070449829,10.71313477,2.205108643,67168630330
-2.422744751,10.51794434,1.978973389,67168941991
-2.872634888,9.972839355,2.712127686,67169189577
-3.743850708,9.365844727,3.014434814,67169470639
-3.260635376,9.099243164,1.862335205,67169754960
-3.201126099,8.351806641,0.769744873,67170070228
-3.248733521,8.161376953,1.114898682,67170344120
-3.098770142,8.097106934,2.088470459,67170627190
-3.286819458,7.847167969,2.597869873,67170917961
-2.984512329,6.899780273,1.055389404,67171219494
-2.729812622,6.78314209,-0.9917297363,67171502792
-2.053787231,7.549621582,-0.601348877,67171777689
-0.9350128174,9.039733887,2.055145264,67172061614
-0.1780548096,9.863342285,3.166778564,67172357662
-0.5898590088,8.87310791,-0.1062316895,67172833737
-1.318252563,7.742431641,-2.598480225,67173010383
-2.198989868,7.485351563,-2.265228271,67173253388
-2.258499146,8.725524902,-0.8631896973,67173505922
-1.851455688,9.653869629,-0.3894958496,67173770578
-1.330154419,10.30609131,-1.170257568,67174104587
-2.296585083,10.43939209,-2.167633057,67174388747
-2.39894104,10.57745361,-2.062896729,67174607898
-1.994277954,10.61315918,-0.6513366699,67174923392
-1.903823853,9.611022949,-0.703704834,67175210237
-2.253738403,8.280395508,-0.3823547363,67175504989
-2.810745239,7.244934082,0.4103088379,67175799434
-3.158279419,6.030944824,0.438873291,67176069695
-3.282058716,5.300170898,-0.02767944336,67176359317
-3.105911255,5.304931641,-0.02053833008,67176617289
-0.3827667236,7.137817383,-1.322601318,67176937285
3.899520874,9.860961914,-2.315216064,67177228926
4.527938843,11.59863281,-1.253570557,67177500843
4.404159546,13.16015625,-2.134307861,67177786555
5.737167358,15.25964355,-4.900299072,67178077433
5.484848022,17.35198975,-6.521331787,67178332067
2.683151245,18.70166016,-7.233062744,67178662793
-0.4541778564,19.53895569,-8.801727295,67178933935
-5.064956665,19.53895569,-10.86550903,67179222356
-6.297988892,19.53895569,-16.42843628,67179529265
-2.303726196,19.53895569,-19.68418884,67179878362
-0.2518463135,19.53895569,-19.68418884,67180023395
3.809066772,19.53895569,-19.68418884,67180337919
10.6335907,19.53895569,-19.68418884,67180596310
15.18247986,19.53895569,-19.67764282,67180929770
18.9506073,19.53895569,-18.69216919,67181176835
19.6831665,19.53895569,-16.16897583,67181526141
19.6831665,19.53895569,-9.361114502,67181820150
19.6831665,12.89593506,0.005645751953,67182083337
19.6831665,6.514160156,-1.094085693,67182374475
15.60142517,2.741271973,2.778778076,67182604299
13.33055115,2.53894043,12.27883911,67182956660
13.91612244,-1.026855469,12.71920776,67183241444
18.11271667,-4.549804688,0.7602233887,67183513463
12.71641541,-10.09844971,-8.932647705,67183812324
4.601730347,-14.04510498,-7.780548096,67184037301
1.269210815,-12.98822021,3.13583374,67184360497
-1.446792603,-9.527160645,13.54995728,67184660530
-1.753860474,-5.594787598,14.54257202,67184948581
-1.101638794,-1.619567871,11.97177124,67185235544
0.3384857178,3.80291748,10.56973267,67185544979
1.645309448,8.330383301,7.956085205,67185760806
3.030685425,11.75335693,3.183441162,67186114561
2.01902771,13.77429199,0.09848022461,67186311631
0.2123260498,14.74786377,-0.02053833008,67186710009
-2.537002563,13.8314209,0.793548584,67186891887
-4.198501587,12.93878174,2.70022583,67187167621
-5.243484497,12.55078125,3.533355713,67187544496
-4.822158813,12.47460938,1.552886963,67187784570
-4.310379028,12.64361572,0.9268493652,67188187875
-4.072341919,12.61981201,-0.1800231934,67188321071
-4.310379028,12.47698975,-0.8941345215,67188607255
-4.85786438,11.95568848,-2.2628479,67188885262
-5.305374146,11.75097656,-3.100738525,67189227281
-5.479141235,11.90808105,-2.50088501,67189477393
-5.25062561,12.4317627,0.1913146973,67189764635
-4.396072388,12.77929688,2.038482666,67190037550
-4.734085083,11.91998291,1.217254639,67190330117
-5.017349243,10.79168701,-0.577545166,67190601502
-4.707901001,10.12756348,-1.927215576,67190935202
-4.191360474,9.903808594,-1.441619873,67191184584
-3.391555786,9.877624512,-0.4085388184,67191464818
-3.836685181,9.530090332,0.3936462402,67191754508
-4.398452759,8.835021973,0.2174987793,67192030183
-4.695999146,8.118530273,-0.5727844238,67192329766
-4.193740845,8.351806641,0.09371948242,67192611018
-3.877151489,8.608886719,1.874237061,67192892397
-3.960464478,8.41607666,2.683563232,67193313516
-4.010452271,8.056640625,2.124176025,67193487014
-4.381790161,7.573425293,2.319366455,67193900975
-4.70552063,7.068786621,1.5909729,67194058534
-4.769790649,7.009277344,0.8530578613,67194303366
-4.700759888,7.58770752,1.945648193,67194590525
-4.712661743,7.913818359,2.616912842,67194865745
-5.01020813,7.87097168,2.43838501,67195190090
-4.914993286,8.047119141,2.09085083,67195468328
-4.807876587,8.230407715,1.500518799,67195772258
-4.760269165,8.354187012,1.76473999,67196072305
-4.781692505,7.854309082,1.900421143,67196322974
-5.048294067,7.123535156,2.676422119,67196615029
-5.521987915,6.737915039,3.378631592,67196892798
-5.364883423,6.461791992,2.147979736,67197176767
-5.241104126,7.056884766,2.321746826,67197467830
-4.936416626,7.69720459,3.547637939,67197752666
-3.643875122,8.147094727,3.44052124,67198038052
-3.420120239,7.659118652,2.628814697,67198344365
-3.434402466,7.390136719,2.921600342,67198603873
-2.484634399,7.518676758,3.754730225,67199104168
-2.560806274,6.945007324,2.70022583,67199205304
-1.996658325,6.723632813,1.507659912,67199468750
-2.951187134,7.009277344,1.562408447,67199744085
-3.065444946,7.252075195,0.6864318848,67200032161
-2.46321106,7.387756348,-0.1776428223,67200597822
-2.589370728,7.094970703,-0.5132751465,67200750782
-2.179946899,7.28302002,0.3936462402,67201025947
-2.075210571,7.585327148,0.6983337402,67201207313
-2.494155884,7.456787109,0.3008117676,67201422684
-2.215652466,7.661499023,-1.705841064,67201701580
-2.068069458,8.270874023,-1.751068115,67201982133
-1.977615356,8.411315918,-1.21786499,67202337731
-1.884780884,8.028076172,-0.577545166,67202574761
-1.753860474,8.030456543,-1.0440979,67202837985
-4.008071899,7.644836426,-1.610626221,67203154459
-4.707901001,7.590087891,-1.322601318,67203436845
-3.931900024,8.201843262,-1.379730225,67203731530
-3.034500122,8.523193359,-0.1133728027,67204018038
-1.806228638,9.203979492,2.09085083,67204295469
-1.882400513,8.875488281,4.364105225,67204595717
-2.053787231,8.075683594,4.066558838,67204878187
-2.889297485,6.97833252,1.702850342,67205168298
-3.184463501,7.159240723,-1.346405029,67205453530
-0.823135376,8.504150391,-4.409942627,67205723767
1.171615601,10.01092529,-4.619415283,67206002242
0.4694061279,10.6607666,-2.657989502,67206266957
-2.05140686,10.50366211,-1.629669189,67206551744
3.252059937,13.30059814,-7.625823975,67206842245
4.954025269,16.75689697,-13.00784302,67207129390
2.445114136,19.53895569,-14.60031128,67207417789
-0.6922149658,19.53895569,-18.7326355,67207697600
-1.422988892,19.53895569,-19.68418884,67207992042
0.267074585,19.53895569,-19.68418884,67208275726
1.10496521,19.53895569,-19.68418884,67208551630
5.672897339,19.53895569,-19.68418884,67208864296
16.85826111,19.53895569,-19.68418884,67209170017
19.6831665,19.53895569,-19.68418884,67209438381
19.6831665,19.53895569,-18.6255188,67209739055
19.6831665,13.85046387,-19.68418884,67210021235
19.6831665,7.299682617,-19.68418884,67210309952
19.6831665,5.769104004,-19.68418884,67210759659
19.6831665,4.567016602,1.774261475,67210882580
19.6831665,0.439453125,19.31521606,67211181240
18.03892517,-9.658081055,19.31521606,67211462398
17.07249451,-14.44976807,7.534759521,67211756348
19.6831665,-12.13604736,-2.450897217,67212021535
12.34983826,-12.93585205,2.381256104,67212308610
5.149215698,-12.24316406,3.699981689,67212600845
0.6288909912,-9.73425293,5.144866943,67212879601
-0.1471099854,-4.637878418,7.77041626,67213170584
-0.4089508057,0.7489013672,11.22195435,67213453630
0.4622650146,5.952392578,13.74990845,67213739932
1.880966187,10.32751465,13.49996948,67214026497
3.035446167,12.80310059,9.365264893,67214313046
2.592697144,14.34320068,5.218658447,67214599766
1.133529663,14.83355713,1.795684814,67214885879
-0.8445587158,14.84545898,2.074188232,67215171867
-2.056167603,16.02374268,-0.7370300293,67215568641
-1.439651489,17.86853027,-2.393768311,67215751176
-1.939529419,18.11608887,-2.177154541,67216013987
-2.610794067,17.59002686,1.276763916,67216296856
-4.229446411,15.02398682,2.626434326,67216645687
-5.740982056,11.60577393,0.05087280273,67216885363
-6.159927368,10.19421387,-3.105499268,67217164998
-6.831192017,10.18469238,-2.812713623,67217443858
-5.686233521,11.30108643,-0.475189209,67217732119
-4.565078735,11.85095215,1.055389404,67218029290
-5.369644165,10.06329346,-0.4466247559,67218309565
-5.145889282,8.913574219,-3.826751709,67218593107
-4.850723267,8.558898926,-3.979095459,67218889076
-6.136123657,8.727905273,-1.572540283,67219161761
-7.066848755,8.558898926,0.6697692871,67219462999
-6.628860474,7.880493164,0.641204834,67219739077
-6.626480103,6.76171875,-0.3442687988,67220021831
-6.602676392,5.914306641,-2.058135986,67220325421
-7.119216919,5.47869873,-1.777252197,67220592474
-7.247756958,5.566772461,-0.0514831543,67220901819
-7.440567017,5.204956055,0.4817199707,67221165491
-8.314163208,4.562255859,0.4936218262,67221453376
-9.10206604,3.993347168,-0.06814575195,67221753315
-8.868789673,4.424194336,0.05325317383,67222027020
-8.168960571,4.614624023,0.4269714355,67222319656
-7.866653442,4.666992188,0.7483215332,67222607752
-8.571243286,4.217102051,0.6626281738,67222972410
-8.680740356,4.148071289,0.7602233887,67223152054
-8.347488403,4.600341797,2.178924561,67223439666
-7.788101196,5.700073242,3.885650635,67223779287
-7.507217407,5.257324219,1.214874268,67224022231
-6.514602661,6.073791504,1.195831299,67224321813
-5.914749146,6.626037598,1.783782959,67224657172
-6.20753479,6.759338379,2.281280518,67224965820
-6.9478302,6.945007324,3.045379639,67225295998
-6.690750122,6.790283203,2.626434326,67225471097
-5.959976196,6.721252441,2.964447021,67225777426
-6.148025513,7.099731445,3.895172119,67226047764
-6.240859985,6.730773926,3.538116455,67226305813
-6.167068481,6.685546875,3.578582764,67226627467
-6.171829224,6.418945313,3.519073486,67226899698
-5.943313599,6.307067871,3.254852295,67227156519
-5.207778931,6.973571777,3.007293701,67227483685
-5.407730103,7.137817383,3.033477783,67227735795
-5.726699829,7.049743652,2.859710693,67228060688
-5.345840454,7.366333008,2.41696167,67228331642
-4.605545044,7.194946289,2.13369751,67228623803
-4.79359436,6.180908203,1.836151123,67228909495
-4.555557251,5.466796875,1.314849854,67229168375
-4.255630493,5.17401123,0.5840759277,67229484618
-4.015213013,5.152587891,0.02944946289,67229831829
-4.455581665,5.185913086,0.210357666,67230164885
-3.317764282,6.097595215,0.1960754395,67230298114
-3.789077759,6.454650879,0.2055969238,67230579201
-2.296585083,7.209228516,-1.593963623,67230871048
-1.520584106,7.642456055,-3.169769287,67231241938
-2.922622681,7.39251709,-2.74130249,67231483558
-5.012588501,6.56652832,-1.881988525,67231744924
-5.943313599,6.209472656,-2.772247314,67232054040
-4.936416626,7.333007813,-3.122161865,67232354764
-2.775039673,9.184936523,-3.595855713,67232625443
-2.401321411,10.00140381,-4.600372314,67232931070
-3.058303833,9.477722168,-4.747955322,67233191088
-3.448684692,8.608886719,-3.04598999,67233486087
-7.040664673,6.911682129,0.793548584,67233784959
-9.597183228,5.069274902,5.375762939,67234058833
-7.902359009,3.821960449,4.504547119,67234315392
-3.365371704,4.026672363,0.6578674316,67234587841
-0.7350616455,4.050476074,-4.200469971,67234920054
0.7360076904,4.631286621,-5.357330322,67235219800
0.1742401123,5.338256836,-3.369720459,67235490285
-0.189956665,6.297546387,-1.929595947,67235778164
5.768112183,10.62744141,-5.183563232,67236041367
5.665756226,16.54980469,-8.89932251,67236387745
-2.272781372,19.53895569,-12.79122925,67236651404
-2.275161743,19.53895569,-19.68418884,67237141471
3.423446655,19.53895569,-19.68418884,67237239572
12.73545837,19.53895569,-19.68418884,67237528561
19.6831665,19.53895569,-19.68418884,67237686850
19.6831665,19.53895569,-19.68418884,67237969619
19.6831665,19.53895569,-13.07449341,67238258499
19.6831665,14.42651367,-12.22232056,67238540232
19.6831665,12.17468262,-15.89047241,67238825758
19.6831665,10.33227539,-19.68418884,67239124575
19.6831665,7.87097168,-15.30252075,67239438273
19.6831665,5.143066406,-1.815338135,67239690117
19.6831665,-4.171325684,1.053009033,67239979813
19.6831665,-15.2043457,-8.456573486,67240257138
19.39097595,-18.78442383,0.6459655762,67240545816
10.88591003,-15.55426025,18.22024536,67240827723
6.853561401,-13.1048584,18.14169312,67241114382
4.47795105,-10.62689209,13.22384644,67241400039
3.849533081,-7.632385254,13.45474243,67241684237
5.944259644,-2.002807617,13.56661987,67241972526
5.991867065,3.686279297,14.85440063,67242255465
6.794052124,7.887634277,15.29953003,67242546913
7.46055603,11.22253418,11.9503479,67242825930
7.789047241,13.54101563,5.563812256,67243110295
7.639083862,15.75476074,1.267242432,67243398929
6.41557312,18.20892334,-0.2490539551,67243683806
3.685287476,18.94683838,-2.76272583,67244029719
2.392745972,18.87780762,-5.535858154,67244256000
0.2908782959,18.41601563,-6.756988525,67244539664
-1.875259399,18.60406494,-3.888641357,67244828009
-3.622451782,18.4017334,-0.6941833496,67245116438
-4.136611938,17.13537598,-0.806060791,67245400447
-4.710281372,15.21679688,-1.960540771,67245686483
-4.743606567,13.21490479,-2.843658447,67245969823
-5.279190063,10.94165039,-4.212371826,67246258256
-5.529129028,9.63482666,-4.457550049,67246551408
-6.281326294,8.716003418,-3.495880127,67246828304
-6.778823853,8.389892578,-2.431854248,67247112853
-6.455093384,8.861206055,-1.194061279,67247398435
-5.536270142,9.170654297,-1.079803467,67247684816
-4.891189575,9.239685059,-1.284515381,67247969125
-5.122085571,9.294433594,0.2484436035,67248250053
-5.888565063,8.72076416,0.8173522949,67248546177
-6.100418091,7.928100586,0.01278686523,67248828061
-5.802871704,7.623413086,-1.1512146,67249099274
-5.400588989,7.935241699,-0.9012756348,67249399369
-5.083999634,8.658874512,0.1246643066,67249681820
-4.819778442,8.7421875,1.412445068,67249974964
-4.893569946,7.994750977,1.562408447,67250257481
-5.300613403,7.094970703,1.183929443,67250525524
-5.562454224,6.859313965,1.131561279,67250827462
-5.979019165,6.778381348,1.214874268,67251171231
-5.660049438,7.040222168,1.950408936,67251415429
-5.436294556,6.792663574,2.359832764,67251702137
-5.964736938,6.342773438,2.969207764,67251968816
-6.600296021,5.638183594,3.150115967,67252258692
-7.381057739,4.926452637,3.195343018,67252531855
-7.659561157,4.950256348,2.688323975,67252827160
-6.666946411,5.63104248,1.881378174,67253113425
-4.869766235,6.861694336,1.569549561,67253393232
-5.150650024,7.285400391,2.455047607,67253683386
-5.333938599,7.285400391,2.709747314,67253980878
-5.645767212,7.206848145,2.609771729,67254276602
-6.600296021,6.554626465,2.414581299,67254541122
-6.912124634,6.323730469,2.469329834,67254812721
-7.40486145,5.900024414,2.869232178,67255121729
-7.523880005,5.745300293,2.869232178,67255397639
-7.131118774,5.726257324,2.845428467,67255685021
-7.081130981,5.89050293,2.650238037,67255967418
-7.03352356,5.907165527,3.13583374,67256250271
-6.695510864,6.169006348,3.183441162,67256540130
-6.026626587,6.74029541,3.078704834,67256826090
-5.70765686,6.818847656,2.807342529,67257111807
-5.443435669,6.949768066,2.914459229,67257398995
-5.391067505,6.971191406,3.276275635,67257679619
-5.352981567,6.961669922,3.540496826,67257979580
-5.136367798,6.925964355,3.290557861,67258252447
-5.441055298,6.614135742,3.473846436,67258543123
-5.007827759,6.659362793,3.457183838,67258823285
-4.479385376,6.721252441,3.283416748,67259098739
-4.722183228,6.211853027,3.171539307,67259404507
-4.919754028,5.840515137,3.159637451,67259681632
-4.936416626,5.416809082,2.662139893,67259970299
-4.636489868,6.247558594,2.574066162,67260254956
-4.034255981,7.083068848,2.528839111,67260527042
-2.998794556,7.78527832,2.359832764,67260824459
-2.544143677,7.449645996,1.714752197,67261109651
-3.208267212,7.004516602,1.17678833,67261414474
-3.18208313,6.397521973,0.234161377,67261679758
-3.113052368,6.330871582,-0.4228210449,67261961574
-2.81312561,7.025939941,-0.220489502,67262252715
-3.417739868,7.34967041,-0.03720092773,67262539312
-4.015213013,7.363952637,-0.222869873,67262823957
-3.924758911,7.444885254,-0.7179870605,67263129443
-3.570083618,7.93762207,-1.458282471,67263415026
-4.238967896,8.366088867,-1.691558838,67263686269
-4.355606079,8.725524902,-2.350921631,67263969552
-4.438919067,8.673156738,-2.862701416,67264253329
-4.562698364,9.032592773,-2.619903564,67264539720
-5.055435181,9.008789063,-2.650848389,67264859446
-4.022354126,8.887390137,-3.37210083,67265109673
-3.086868286,8.523193359,-3.962432861,67265394633
-3.31300354,7.897155762,-3.674407959,67265709791
-4.098526001,6.806945801,-2.355682373,67265963269
-5.976638794,5.883361816,0.9601745605,67266242531
-6.443191528,5.333496094,2.771636963,67266539163
-4.876907349,5.04309082,0.6102600098,67266830787
-4.736465454,4.866943359,-2.419952393,67267106848
-3.446304321,5.754821777,-4.221893311,67267393724
-0.4113311768,7.271118164,-4.309967041,67267672777
-0.08283996582,7.830505371,-2.912689209,67267967598
0.8455047607,8.182800293,-3.188812256,67268254590
5.308700562,10.49176025,-5.612030029,67268535705
7.643844604,13.2791748,-7.606781006,67268822616
6.120407104,14.25274658,-12.40560913,67269105435
6.382247925,16.92114258,-16.46890259,67269394974
6.027572632,19.53895569,-12.97451782,67269678975
-1.144485474,19.53895569,-14.20755005,67269965920
2.383224487,19.53895569,-19.68418884,67270252743
2.549850464,19.53895569,-19.68418884,67270534538
4.865951538,19.53895569,-19.68418884,67270822380
11.78092957,19.53895569,-19.68418884,67271108697
17.30815125,19.53895569,-17.49246216,67271393094
19.6831665,19.53895569,-11.31777954,67271679087
19.6831665,16.737854,-14.60269165,67271964369
19.6831665,9.356323242,-19.68418884,67272254500
19.6831665,0.8750610352,-19.68418884,67272535721
19.6831665,1.058349609,-6.416595459,67272826802
19.6831665,0.5608520508,10.3197937,67273113597
16.93919373,-5.471008301,10.27456665,67273390385
14.68022156,-8.772583008,0.8792419434,67273679063
13.29484558,-9.541442871,-2.988861084,67273980620
9.460067749,-10.453125,2.647857666,67274249724
5.292037964,-9.803283691,7.203887939,67274535286
2.821212769,-7.88470459,8.039398193,67274819274
2.085678101,-4.666442871,8.284576416,67275106475
1.302536011,-1.017333984,9.384307861,67275391111
1.576278687,3.831481934,11.83609009,67275667001
2.271347046,8.230407715,14.26882935,67275974236
3.518661499,11.90093994,14.08078003,67276268740
3.440109253,13.29107666,9.96987915,67276536144
4.132797241,13.94091797,2.795440674,67276818832
3.559127808,14.87164307,-1.977203369,67277104979
0.9311981201,15.05493164,-1.715362549,67277391733
-0.09712219238,15.15966797,-0.4942321777,67277676565
-1.482498169,14.99304199,0.945892334,67277961388
-2.265640259,14.33843994,0.2674865723,67278248533
-3.491531372,13.44818115,-1.591583252,67278536501
-4.512710571,12.58886719,-2.322357178,67278822630
-5.322036743,12.34368896,-3.248321533,67279105497
-5.379165649,13.04827881,-1.867706299,67279376244
-5.472000122,13.31726074,-1.015533447,67279677256
-5.879043579,12.70788574,-0.4537658691,67279997992
-6.064712524,11.44152832,-1.855804443,67280248019
-6.200393677,10.01330566,-3.260223389,67280535749
-6.862136841,8.842163086,-3.034088135,67280818134
-7.576248169,7.920959473,-1.332122803,67281106440
-6.77406311,7.913818359,0.8935241699,67281380920
-6.267044067,8.11138916,2.774017334,67281676971
-6.438430786,7.723388672,3.269134521,67282006385
-6.755020142,7.13067627,2.726409912,67282250127
-6.669326782,6.649841309,1.893280029,67282540283
-5.94569397,6.597473145,1.838531494,67282879425
-5.602920532,6.659362793,2.159881592,67283171431
-5.869522095,6.278503418,1.890899658,67283458444
-6.433670044,5.859558105,1.995635986,67283727119
-7.381057739,5.419189453,2.078948975,67284030890
-6.745498657,6.104736328,2.564544678,67284315426
-6.107559204,6.771240234,2.776397705,67284597155
-6.11946106,6.787902832,2.338409424,67284889135
-6.302749634,6.656982422,1.848052979,67285155562
-6.167068481,6.875976563,2.036102295,67285461274
-5.762405396,7.059265137,2.321746826,67285745773
-5.669570923,6.95690918,2.333648682,67286047312
-6.688369751,6.530822754,2.614532471,67286319823
-7.004959106,6.328491211,2.538360596,67286576866
-6.645523071,6.56652832,1.793304443,67286870328
-5.933792114,6.678405762,0.9577941895,67287257344
-5.331558228,6.902160645,0.8530578613,67287421595
-6.069473267,6.899780273,2.005157471,67287703447
-6.414627075,7.037841797,2.638336182,67287998421
-5.940933228,7.28302002,2.635955811,67288274732
-5.66242981,7.309204102,2.169403076,67288576033
-5.543411255,7.580566406,2.045623779,67288915235
-6.171829224,7.421081543,2.709747314,67289172576
-5.70765686,7.478210449,2.900177002,67289463203
-5.557693481,7.304443359,2.747833252,67289756527
-5.257766724,7.006896973,2.635955811,67290043254
-4.981643677,6.964050293,3.095367432,67290346091
-4.653152466,7.016418457,3.040618896,67290638401
-4.619827271,6.883117676,2.833526611,67290869503
-4.643630981,6.268981934,1.867095947,67291189242
-4.634109497,5.947631836,1.705230713,67291497896
-4.526992798,6.066650391,2.72164917,67291752739
-4.274673462,6.080932617,2.105133057,67292002596
-3.808120728,6.199951172,0.4698181152,67292290635
-2.994033813,6.218994141,-0.3180847168,67292620291
-3.293960571,6.028564453,0.5935974121,67292906762
-3.022598267,6.176147461,0.9411315918,67293209348
-3.239212036,6.128540039,0.8030700684,67293479733
-2.429885864,6.433227539,-0.1585998535,67293719887
-2.722671509,6.583190918,-1.427337646,67294026785
-3.993789673,7.006896973,-0.9631652832,67294449269
-4.396072388,7.442504883,-1.332122803,67294568270
-4.110427856,7.987609863,-1.603485107,67294846262
-3.68196106,8.299438477,-2.060516357,67295128394
-2.991653442,9.189697266,-2.298553467,67295418523
-2.779800415,9.989501953,-2.205718994,67295722511
-2.744094849,10.29418945,-2.41519165,67296002677
-3.72718811,10.49176025,-3.069793701,67296352548
-4.465103149,10.48937988,-3.693450928,67296585362
-4.129470825,10.59649658,-3.326873779,67296915396
-3.353469849,10.54174805,-2.508026123,67297145992
-4.210403442,9.518188477,-0.3799743652,67297505230
-5.957595825,7.956665039,2.347930908,67297773427
-6.743118286,6.476074219,2.450286865,67298010608
-5.029251099,5.714355469,-1.772491455,67298350435
-3.082107544,6.676025391,-7.018829346,67298632231
-1.499160767,9.289672852,-8.92074585,67298904937
-2.917861938,13.21490479,-7.385406494,67299160116
-4.253250122,16.20703125,-6.188079834,67299439155
-4.26991272,17.84710693,-10.13235474,67299727306
-1.582473755,19.53895569,-15.67147827,67299999053
-4.512710571,19.53895569,-15.84762573,67300411137
-7.700027466,19.53895569,-19.68418884,67300540058
-6.01234436,19.53895569,-19.68418884,67300838439
-4.084243774,19.53895569,-19.68418884,67301144738
3.266342163,19.53895569,-19.68418884,67301440409
10.56932068,19.53895569,-19.68418884,67301702736
14.53739929,19.53895569,-19.68418884,67301997179
19.23625183,19.53895569,-19.68418884,67302267696
19.6831665,16.47839355,-19.68418884,67302555379
19.6831665,10.96307373,-19.68418884,67302864143
19.6831665,7.509155273,-3.591094971,67303143549
19.6831665,1.339233398,18.86532593,67303457424
18.78160095,-9.881835938,9.346221924,67303709897
11.0120697,-17.27050781,-2.953155518,67303999699
10.1884613,-15.58520508,-2.093841553,67304285339
11.745224,-11.24816895,10.64590454,67304573788
7.365341187,-9.070129395,17.06814575,67304853751
5.251571655,-8.403625488,8.677337646,67305141995
5.049240112,-4.51171875,8.448822021,67305435439
5.401535034,-0.8435668945,9.75088501,67305711626
6.984481812,4.502746582,10.78396606,67305992112
7.455795288,9.632446289,13.92367554,67306283533
6.932113647,13.1887207,14.79251099,67306585709
6.253707886,15.00018311,11.09341431,67306855483
5.180160522,15.52386475,6.104156494,67307138455
4.56602478,16.49505615,1.443389893,67307417338
2.656967163,17.54956055,0.4864807129,67307712986
0.1790008545,18.19940186,-0.8536682129,67307998506
-1.368240356,17.3805542,-4.17666626,67308290142
-3.11781311,16.05944824,-5.647735596,67308567889
-4.87928772,14.38366699,-3.134063721,67308961842
-5.933792114,12.3984375,-0.8846130371,67309127532
-6.983535767,10.20373535,-0.7608337402,67309408119
-6.536026001,8.818359375,-2.693695068,67309699930
-7.323928833,8.061401367,-3.610137939,67310007853
-7.014480591,7.918579102,-3.63394165,67310276622
-6.112319946,8.047119141,-2.200958252,67310568984
-5.726699829,8.054260254,-0.8608093262,67310851409
-6.721694946,7.440124512,0.4031677246,67311163428
-7.371536255,7.071166992,0.06753540039,67311464833
-7.085891724,7.337768555,-0.9988708496,67311704261
-6.852615356,7.749572754,-0.2799987793,67312020622
-6.950210571,8.41607666,1.769500732,67312280191
-7.024002075,8.616027832,1.943267822,67312570276
-6.347976685,9.011169434,1.150604248,67312851384
-6.414627075,9.044494629,0.2960510254,67313132285
-5.690994263,9.218261719,-0.008636474609,67313420535
-5.352981567,9.508666992,1.314849854,67313708661
-5.333938599,9.375366211,1.721893311,67313999596
-4.919754028,8.880249023,2.114654541,67314281588
-5.441055298,8.011413574,1.783782959,67314562453
-5.045913696,7.259216309,1.272003174,67314853903
-5.414871216,6.816467285,1.726654053,67315138088
-5.486282349,6.528442383,2.519317627,67315417474
-5.586257935,6.178527832,2.840667725,67315711869
-5.388687134,6.02142334,2.59072876,67315999805
-5.562454224,5.781005859,2.647857666,67316362539
-5.550552368,5.523925781,2.509796143,67316549575
-4.898330688,5.947631836,2.674041748,67316838031
-4.929275513,6.564147949,3.480987549,67317148547
-4.995925903,7.716247559,4.614044189,67317423196
-5.176834106,7.875732422,4.628326416,67317712044
-4.72694397,8.180419922,4.652130127,67317992046
-3.981887817,8.585083008,5.011566162,67318271968
-4.108047485,8.477966309,5.047271729,67318566737
-4.158035278,8.158996582,4.514068604,67318853131
-4.324661255,7.659118652,4.904449463,67319138881
-4.848342896,6.647460938,5.958953857,67319422501
-4.798355103,6.119018555,5.39956665,67319716568
-4.398452759,5.721496582,4.018951416,67319994052
-3.601028442,6.049987793,3.228668213,67320279196
-2.608413696,6.904541016,3.588104248,67320562631
-2.46321106,7.628173828,4.057037354,67320850695
-2.439407349,7.797180176,4.252227783,67321135610
-2.063308716,7.50201416,3.859466553,67321426295
-1.999038696,7.037841797,2.964447021,67321719448
-2.715530396,6.523681641,2.228912354,67321995676
-3.151138306,5.800048828,1.226776123,67322278730
-2.591751099,5.469177246,-0.375213623,67322599249
-1.987136841,6.366577148,0.4412536621,67322933422
-1.837173462,7.080688477,0.9316101074,67323140949
-2.287063599,7.025939941,0.1270446777,67323408985
-3.134475708,6.787902832,-1.463043213,67323687875
-3.455825806,7.028320313,-1.405914307,67324055311
-2.163284302,7.661499023,-2.077178955,67324301283
-3.044021606,7.80670166,-1.39163208,67324564152
-2.713150024,7.818603516,-2.148590088,67324846074
-1.320632935,8.316101074,-3.855316162,67325134765
-0.6993560791,9.770507813,-2.974578857,67325624436
-1.206375122,10.2822876,-1.843902588,67325836038
-1.568191528,9.599121094,-1.698699951,67326058642
-2.079971313,8.646972656,-0.6084899902,67326296701
-4.193740845,8.375610352,2.452667236,67326555244
-3.919998169,8.125671387,2.72164917,67326881108
-1.1587677,8.237548828,0.2674865723,67327147186
0.2956390381,7.804321289,-1.474945068,67327410154
-1.163528442,6.599853516,-1.365447998,67327703601
-1.499160767,6.247558594,-0.9798278809,67327983560
1.438217163,7.461547852,-1.025054932,67328299175
4.54460144,8.097106934,-3.98147583,67328569703
3.356796265,6.906921387,-5.671539307,67328841947
1.326339722,5.078796387,-7.249725342,67329125025
3.125900269,8.513671875,-9.308746338,67329413425
12.28318787,18.3112793,-17.35678101,67329739380
7.929489136,19.53895569,-18.90878296,67330129634
1.252548218,19.53895569,-18.1232605,67330304947
-4.222305298,19.53895569,-19.68418884,67330548375
-4.557937622,19.53895569,-19.68418884,67330831103
7.574813843,19.53895569,-19.68418884,67331206983
16.82255554,19.53895569,-19.68418884,67331422625
19.6831665,19.53895569,-19.68418884,67331704925
19.6831665,19.39910889,-19.68418884,67331994209
19.6831665,8.130432129,-19.68418884,67332281592
19.6831665,-2.190856934,-19.68418884,67332582143
19.6831665,-8.651184082,-19.68418884,67332848102
19.6831665,-5.018737793,-7.061676025,67333327534
19.6831665,-3.883300781,1.521942139,67333501862
19.6831665,-11.16247559,-5.364471436,67333713123
19.6831665,-15.89465332,-5.759613037,67334011913
18.16984558,-16.21124268,14.09030151,67334306829
16.83207703,-11.63140869,19.31521606,67334578240
11.71903992,-12.20031738,19.31521606,67334875393
4.473190308,-13.6975708,4.599761963,67335141335
0.6312713623,-10.21746826,-2.448516846,67335449831
1.719100952,-3.659545898,-0.3633117676,67335712180
4.925460815,4.002868652,4.799713135,67336000076
6.098983765,10.33703613,12.21932983,67336302701
6.755966187,14.300354,14.21170044,67336580908
7.034469604,17.3805542,15.05197144,67336880497
5.76335144,18.01849365,13.6880188,67337313712
4.949264526,16.84259033,6.318389893,67337448259
4.673141479,16.49981689,-1.034576416,67337697166
1.871444702,16.14038086,-3.852935791,67337977544
-1.33253479,16.01422119,-2.793670654,67338274377
-1.956192017,16.19036865,-3.7862854,67338571615
-3.9009552,14.90258789,-5.174041748,67338871497
-5.338699341,13.96472168,-4.183807373,67339154333
-5.838577271,13.26727295,-1.172637939,67339440639
-5.821914673,12.08660889,0.6293029785,67339741994
-5.702896118,10.40606689,0.2889099121,67340029070
-6.126602173,8.706481934,-1.363067627,67340300456
-5.90284729,7.809082031,-3.512542725,67340585739
-6.395584106,7.530578613,-2.738922119,67340872658
-6.957351685,7.518676758,0.5079040527,67341174576
-7.112075806,7.242553711,2.778778076,67341421500
-7.014480591,6.642700195,2.316986084,67341731189
-6.233718872,6.402282715,0.4269714355,67342016844
-6.190872192,6.797424316,-0.4847106934,67342305871
-5.883804321,7.049743652,0.3531799316,67342608297
-6.352737427,7.461547852,1.669525146,67342853186
-6.51222229,7.704345703,3.990386963,67343163711
-6.690750122,7.65435791,4.297454834,67343450889
-6.071853638,7.416320801,2.621673584,67343738272
-5.874282837,7.297302246,0.2960510254,67344039345
-5.736221313,7.671020508,-0.1228942871,67344304550
-5.667190552,7.778137207,0.5721740723,67344547606
-5.633865356,7.625793457,1.693328857,67344885173
-6.171829224,7.128295898,2.509796143,67345128190
-6.645523071,6.290405273,1.731414795,67345396742
-6.524124146,6.066650391,0.05801391602,67345712191
-6.433670044,6.376098633,-0.2157287598,67346031401
-6.409866333,6.447509766,0.1246643066,67346353877
-6.840713501,6.621276855,0.617401123,67346581427
-7.573867798,6.723632813,2.105133057,67346871254
-8.309402466,6.547485352,1.793304443,67347139168
-7.692886353,6.445129395,0.260345459,67347461758
-6.709793091,6.56652832,-0.272857666,67347903902
-6.447952271,6.897399902,1.036346436,67348031313
-6.878799438,6.84979248,2.843048096,67348332455
-6.505081177,6.785522461,2.890655518,67348559040
-6.540786743,6.442749023,2.654998779,67348990770
-6.702651978,6.057128906,2.445526123,67349122604
-6.252761841,5.816711426,1.921844482,67349416745
-6.367019653,5.928588867,2.902557373,67349695311
-6.078994751,6.059509277,3.540496826,67349981699
-5.743362427,6.247558594,4.076080322,67350321908
-5.833816528,6.002380371,3.999908447,67350610329
-6.112319946,5.569152832,3.514312744,67350896504
-5.695755005,5.821472168,3.007293701,67351197364
-5.391067505,6.011901855,4.164154053,67351412794
-5.617202759,6.157104492,5.639984131,67351971853
-5.788589478,5.616760254,4.149871826,67351994854
-5.088760376,5.681030273,3.202484131,67352281294
-3.865249634,6.252319336,2.750213623,67352538155
-3.92237854,6.128540039,2.631195068,67352837230
-4.536514282,6.142822266,2.559783936,67353133186
-4.40083313,6.371337891,2.381256104,67353474975
-4.112808228,6.254699707,2.281280518,67353758604
-3.044021606,6.309448242,1.46005249,67353977562
-2.803604126,6.009521484,0.9292297363,67354281672
-3.065444946,5.635803223,0.2151184082,67354555074
-3.908096313,5.450134277,0.134185791,67354836901
-4.017593384,5.773864746,-0.1419372559,67355172327
-3.829544067,5.97857666,-0.9941101074,67355454847
-3.83430481,6.67364502,-1.467803955,67355719855
-4.429397583,7.530578613,-1.08694458,67355981810
-4.219924927,8.109008789,-1.50112915,67356297177
-4.258010864,8.085205078,-2.717498779,67356557844
-3.798599243,8.11138916,-3.334014893,67356835419
-3.531997681,8.085205078,-2.93649292,67357134046
-2.801223755,7.906677246,-3.279266357,67357454558
-2.301345825,8.047119141,-3.498260498,67357708112
-1.896682739,8.168518066,-3.969573975,67358004052
-2.425125122,7.537719727,-3.900543213,67358289909
-2.522720337,6.930725098,-4.298065186,67358595576
-4.186599731,8.142333984,3.795196533,67358906487
-5.433914185,8.575561523,6.261260986,67359154765
-3.070205688,8.399414063,4.937774658,67359462072
1.038314819,9.61340332,1.495758057,67359677550
3.254440308,10.08709717,-2.431854248,67359963247
4.263717651,9.91809082,-5.733428955,67360259967
3.1068573,9.741943359,-7.468719482,67360543195
3.751937866,9.587219238,-7.744842529,67360887710
3.537704468,9.282531738,-6.664154053,67361117768
3.166366577,9.442016602,-7.321136475,67361408289
3.425827026,12.33178711,-7.694854736,67361696271
2.352279663,17.44482422,-8.175689697,67361978216
-0.8017120361,19.53895569,-18.47317505,67362258766
-4.155654907,19.18725586,-19.68418884,67362546023
-4.976882935,17.50909424,-19.68418884,67362836079
-0.8826446533,19.53895569,-19.68418884,67363124801
14.08512878,19.53895569,-19.68418884,67363358869
19.6831665,19.53895569,-19.68418884,67363642828
19.6831665,19.53895569,-19.68418884,67363944487
19.6831665,19.53895569,-19.68418884,67364237996
19.6831665,19.53895569,-19.68418884,67364503347
19.6831665,17.91137695,-19.68418884,67364789421
19.6831665,13.57196045,-14.05282593,67365068825
19.6831665,8.418457031,-1.665374756,67365357586
19.6831665,-0.03900146484,7.758514404,67365644878
19.6831665,-19.46044922,1.267242432,67365935730
19.6831665,-19.46044922,-7.256866455,67366217230
19.6831665,-19.46044922,6.049407959,67366509774
15.8870697,-13.82849121,16.19216919,67366790285
9.172042847,-10.03894043,14.76394653,67367076660
8.017562866,-6.301757813,7.199127197,67367360164
3.725753784,-1.614807129,6.606414795,67367646169
0.7836151123,3.01739502,8.644012451,67367922065
-0.01142883301,7.299682617,8.239349365,67368238177
-2.315628052,10.60125732,11.33145142,67368502588
-4.669815063,11.26776123,9.3152771,67368772466
-2.734573364,11.44152832,0.06991577148,67369079728
0.3242034912,14.48364258,-8.344696045,67369393107
0.2266082764,16.75689697,-9.587249756,67369643974
-1.422988892,17.88995361,-7.37588501,67369931771
-4.262771606,17.27105713,-2.405670166,67370216837
-6.443191528,15.28820801,-1.444000244,67370501602
-6.81690979,14.06231689,-3.191192627,67370778373
-6.51222229,14.06469727,-1.774871826,67371075771
-5.710037231,14.49316406,1.053009033,67371359518
-6.88117981,13.06970215,1.429107666,67371629727
-8.097549438,10.42034912,-0.3466491699,67371930648
-6.688369751,9.970458984,-2.005767822,67372214527
-6.49079895,9.282531738,-1.520172119,67372502810
-6.53364563,8.675537109,-0.9869689941,67372786052
-7.77381897,7.404418945,0.05087280273,67373060854
-8.342727661,6.316589355,0.1246643066,67373360697
-7.595291138,6.292785645,-0.8251037598,67373644464
-7.385818481,6.518920898,-0.6703796387,67373931530
-7.792861938,6.756958008,-0.2561950684,67374219690
-7.504837036,6.802185059,-1.332122803,67374501044
-6.566970825,6.985473633,-1.743927002,67374789562
-6.105178833,7.290161133,-0.9798278809,67375076351
-6.519363403,7.423461914,0.4412536621,67375361997
-6.793106079,7.485351563,1.148223877,67375680339
-7.257278442,6.776000977,0.7340393066,67375916817
-7.747634888,5.80480957,0.691192627,67376215716
-7.547683716,5.240661621,0.6221618652,67376499654
-7.590530396,5.126403809,1.388641357,67376788700
-7.514358521,4.905029297,1.771881104,67377070630
-7.46913147,5.30255127,2.776397705,67377343563
-7.169204712,5.864318848,3.476226807,67377644269
-6.847854614,6.178527832,2.954925537,67377927448
-6.140884399,6.447509766,1.857574463,67378217486
-5.917129517,6.483215332,1.243438721,67378501551
-6.09803772,6.36895752,1.455291748,67378771350
-6.483657837,6.092834473,2.366973877,67379072068
-6.924026489,5.462036133,3.078704834,67379356015
-7.195388794,5.097839355,2.838287354,67379645043
-7.266799927,4.947875977,2.383636475,67379927884
-6.997817993,5.388244629,2.807342529,67380237823
-6.438430786,5.89050293,3.638092041,67380501842
-6.688369751,6.023803711,3.497650146,67380785164
-6.221817017,5.923828125,2.145599365,67381073392
-6.155166626,6.007141113,1.905181885,67381364604
-6.755020142,6.023803711,2.012298584,67381636401
-6.514602661,6.380859375,1.817108154,67381931184
-6.083755493,7.185424805,2.326507568,67382212851
-5.921890259,7.335388184,2.971588135,67382498101
-5.748123169,6.816467285,2.83114624,67382784382
-6.367019653,5.940490723,2.778778076,67383071802
-6.893081665,5.633422852,2.493133545,67383361613
-6.117080688,5.800048828,1.783782959,67383641322
-4.779312134,6.861694336,1.783782959,67383926177
-4.895950317,6.464172363,1.207733154,67384210259
-4.941177368,6.759338379,0.9173278809,67384530478
-4.515090942,7.190185547,0.8601989746,67384783892
-4.169937134,7.199707031,0.6031188965,67385068828
-3.867630005,6.97833252,-0.1919250488,67385355582
-3.505813599,6.816467285,-0.9655456543,67385640958
-3.567703247,6.885498047,-0.4680480957,67385941231
-3.896194458,6.93548584,-0.272857666,67386240343
-3.767654419,6.428466797,-1.253570557,67386498799
-3.362991333,6.733154297,-1.679656982,67386792857
-3.210647583,7.347290039,-1.50112915,67387088099
-3.708145142,7.578186035,-1.734405518,67387354447
-3.800979614,7.830505371,-2.198577881,67387645376
-3.470108032,8.34942627,-2.379486084,67387926108
-3.61769104,8.637451172,-2.258087158,67388210705
-3.779556274,8.551757813,-3.384002686,67388496140
-3.243972778,8.842163086,-4.110015869,67388787616
-4.172317505,9.301574707,-2.853179932,67389070860
-4.467483521,9.356323242,-1.946258545,67389355481
-2.548904419,9.639587402,-3.162628174,67389641026
-3.991409302,9.732421875,-2.788909912,67389946159
-4.412734985,8.949279785,-2.943634033,67390230935
-4.807876587,8.523193359,-2.296173096,67390555509
-5.18397522,7.93762207,-0.8655700684,67390791636
-5.319656372,7.58770752,-0.1585998535,67391069647
-5.317276001,7.268737793,-0.0110168457,67391353921
-4.536514282,7.192565918,-1.267852783,67391639894
-2.772659302,8.454162598,-3.407806396,67391927500
-2.651260376,9.144470215,-5.097869873,67392211342
-1.81098938,8.827880859,-6.499908447,67392499066
2.161849976,9.832397461,-7.225921631,67392782928
4.470809937,11.5581665,-6.414215088,67393067025
5.794296265,13.16253662,-7.673431396,67393355036
5.891891479,16.38793945,-3.750579834,67393649589
3.513900757,19.53895569,0.008026123047,67393935668
-8.378433228,19.53895569,-1.396392822,67394209231
-14.72450256,19.53895569,-13.77432251,67394495411
-4.643630981,19.53895569,-19.68418884,67394819872
-5.441055298,19.53895569,-19.68418884,67395065572
0.3813323975,19.53895569,-19.68418884,67395349223
8.519821167,19.53895569,-19.68418884,67395641596
11.55479431,19.53895569,-17.97091675,67395930099
15.80137634,19.53895569,-14.54794312,67396210941
17.68424988,19.53895569,-12.17947388,67396496059
19.6831665,19.53895569,-11.7819519,67396773236
19.6831665,19.53895569,-14.92642212,67397068733
19.6831665,12.67456055,-13.11972046,67397361833
19.6831665,2.717468262,-1.710601807,67397622642
19.6831665,-13.49285889,10.20315552,67397926577
13.13298035,-18.12030029,2.997772217,67398209980
14.42552185,-16.6706543,9.705657959,67398499536
4.668380737,-17.97747803,13.27859497,67398780753
3.466293335,-14.85681152,9.486663818,67399053643
4.199447632,-11.19104004,5.720916748,67399352188
3.066390991,-6.75402832,6.563568115,67399675801
2.71647644,-1.883789063,7.601409912,67399923146
1.145431519,2.158081055,9.489044189,67400206004
-0.1114044189,6.019042969,9.46762085,67400491971
-1.177810669,8.45892334,6.692108154,67400777928
0.2194671631,11.4510498,0.2960510254,67401058321
1.869064331,15.1072998,-2.967437744,67401353178
-1.037368774,15.99279785,-3.276885986,67401634833
-4.277053833,15.87615967,-2.696075439,67401908733
-4.774551392,16.84735107,-2.303314209,67402208731
-3.37727356,18.0803833,-2.881744385,67402491951
-4.043777466,17.06634521,-3.519683838,67402777762
-4.669815063,16.74023438,-2.643707275,67403066430
-5.890945435,16.17370605,-1.598724365,67403333195
-6.952590942,13.72906494,-1.786773682,67403634235
-7.245376587,11.47009277,-2.339019775,67403919008
-7.145401001,10.2989502,-3.914825439,67404206802
-6.267044067,10.57269287,-3.26260376,67404491366
-5.514846802,10.83929443,-2.062896729,67404765248
-5.367263794,10.34417725,-2.155731201,67405067239
-6.145645142,9.763366699,-1.220245361,67405360596
-5.900466919,9.791931152,-0.7941589355,67405646616
-5.61958313,9.489624023,-0.5989685059,67405920289
-6.081375122,8.523193359,-0.7132263184,67406203193
-6.002822876,7.775756836,-2.189056396,67406492914
-6.148025513,6.992614746,-3.286407471,67406778538
-5.495803833,7.330627441,-2.353302002,67407065899
-5.495803833,7.532958984,-0.7179870605,67407349270
-5.762405396,7.54486084,1.548126221,67407622202
-6.581253052,7.128295898,2.407440186,67407931749
-6.700271606,6.618896484,1.388641357,67408225115
-6.100418091,6.440368652,0.8601989746,67408493236
-6.331314087,6.052368164,-0.02291870117,67408798703
-6.386062622,6.138061523,0.8673400879,67409051946
-6.68598938,6.390380859,3.102508545,67409350598
-7.226333618,6.32611084,3.833282471,67409634140
-7.050186157,6.423706055,2.593109131,67409922707
-7.066848755,6.333251953,1.540985107,67410209266
-6.466995239,6.19519043,1.236297607,67410484985
-6.502700806,5.91192627,2.06942749,67410783801
-6.652664185,5.588195801,3.20010376,67411063147
-7.195388794,5.462036133,3.740447998,67411347260
-7.276321411,5.540588379,3.588104248,67411633075
-6.719314575,5.711975098,2.788299561,67411925651
-5.745742798,6.295166016,2.635955811,67412210525
-5.491043091,6.628417969,2.514556885,67412490747
-5.969497681,6.868835449,3.13583374,67412776851
-5.821914673,7.187805176,3.054901123,67413062201
-6.383682251,6.861694336,2.528839111,67413348942
-6.878799438,6.45703125,2.300323486,67413639117
-6.724075317,6.58795166,2.278900146,67413920656
-6.16468811,6.968811035,2.24319458,67414206870
-5.507705688,7.456787109,2.107513428,67414489635
-5.717178345,7.447265625,2.41696167,67414811917
-5.59815979,7.187805176,2.726409912,67415065688
-5.888565063,6.433227539,2.862091064,67415351319
-6.190872192,6.069030762,2.628814697,67415632387
-5.114944458,6.342773438,2.107513428,67415924335
-4.455581665,6.654602051,1.24105835,67416199096
-4.348464966,6.664123535,1.162506104,67416493511
-4.622207642,6.835510254,1.467193604,67416777620
-4.910232544,7.363952637,2.502655029,67417069002
-4.741226196,7.485351563,2.088470459,67417349961
-4.767410278,6.835510254,1.302947998,67417631596
-5.064956665,6.073791504,-0.5156555176,67417921720
-4.496047974,6.352294922,-0.6751403809,67418205276
-2.675064087,7.378234863,-0.1157531738,67418488602
-1.815750122,7.944763184,-0.451385498,67418785035
-2.755996704,7.194946289,-1.684417725,67419062031
-3.620071411,6.252319336,-2.679412842,67419350144
-4.822158813,5.421569824,-2.8722229,67419662237
-6.083755493,5.114501953,-2.165252686,67419918416
-5.512466431,5.852416992,-1.605865479,67420203820
-4.429397583,7.083068848,-1.493988037,67420488079
-3.539138794,8.166137695,-1.06552124,67420777615
-2.413223267,9.508666992,-0.9798278809,67421061366
-3.094009399,9.518188477,-3.100738525,67421368210
-2.882156372,9.180175781,-7.206878662,67421652916
