-4.679336548,5.809570313,2.512176514,56936489677
-5.48866272,5.597717285,2.802581787,56936735977
-6.393203735,5.262084961,2.43838501,56937031022
-7.004959106,5.083557129,2.197967529,56937349131
-7.964248657,4.826477051,1.162506104,56937658685
-7.911880493,5.312072754,1.076812744,56937913542
-7.516738892,6.016662598,1.5909729,56938166376
-7.697647095,5.926208496,1.095855713,56938460261
-7.440567017,6.295166016,0.4507751465,56938739767
-6.945449829,6.759338379,0.003265380859,56939028596
-6.290847778,7.730529785,-0.4942321777,56939315901
-5.364883423,8.91595459,0.1413269043,56939618141
-5.600540161,9.020690918,0.4412536621,56939857094
-6.121841431,8.401794434,-0.601348877,56940139248
-5.574356079,8.261352539,-1.665374756,56940495137
-5.695755005,7.782897949,-1.874847412,56940762267
-5.743362427,7.606750488,-1.339263916,56941022859
-5.864761353,7.682922363,-0.4275817871,56941279256
-6.138504028,7.385375977,-0.03720092773,56941562331
-6.124221802,6.971191406,-0.7727355957,56941839130
-5.655288696,7.144958496,-1.063140869,56942141254
-5.612442017,7.563903809,-0.5632629395,56942447781
-5.648147583,7.759094238,-0.04196166992,56942722931
-5.781448364,7.792419434,0.6507263184,56943028477
-5.564834595,7.747192383,0.388885498,56943330999
-5.333938599,7.737670898,0.05325317383,56943594607
-4.886428833,7.987609863,0.03182983398,56943886929
-4.724563599,8.02331543,0.4317321777,56944172711
-4.895950317,8.120910645,1.298187256,56944457508
-5.191116333,8.11138916,1.626678467,56944772271
-5.126846313,8.26373291,1.986114502,56945023635
-5.288711548,8.139953613,1.172027588,56945306113
-4.83644104,8.323242188,1.410064697,56945601557
-4.193740845,8.780273438,1.969451904,56945883797
-4.626968384,8.442260742,2.105133057,56946162536
-5.562454224,8.301818848,1.779022217,56946457757
-6.078994751,8.656494141,1.988494873,56946737367
-6.283706665,9.151611328,1.898040771,56947025637
-5.348220825,9.894287109,2.483612061,56947313436
-6.081375122,9.582458496,2.233673096,56947589348
-6.840713501,9.084960938,0.9363708496,56947884904
-7.240615845,8.385131836,0.01516723633,56948181469
-7.178726196,8.082824707,-0.220489502,56948452232
-7.495315552,7.98046875,0.03897094727,56948743767
-7.533401489,7.792419434,0.1508483887,56949017698
-7.214431763,7.528198242,0.09848022461,56949310735
-6.236099243,7.644836426,-0.7608337402,56949613145
-4.805496216,8.320861816,-1.334503174,56949888252
-4.436538696,8.337524414,-0.7655944824,56950184008
-4.398452759,7.801940918,-0.7394104004,56950484304
-3.689102173,7.39251709,-0.1109924316,56950745515
-2.627456665,6.992614746,0.6245422363,56951128370
-2.15852356,6.264221191,0.6983337402,56951315123
-2.298965454,5.597717285,0.09848022461,56951593879
-3.222549438,5.169250488,-0.5394592285,56951877847
-4.724563599,5.659606934,-0.7346496582,56952168002
-6.933547974,6.199951172,-1.008392334,56952494970
-8.409378052,6.633178711,-1.517791748,56952751183
-8.354629517,8.049499512,-0.8679504395,56953022937
-6.709793091,10.12518311,1.131561279,56953309227
-6.419387817,11.03924561,2.050384521,56953595417
-6.835952759,10.34179688,2.302703857,56953896437
-6.326553345,9.865722656,2.383636475,56954191422
-6.278945923,8.861206055,2.333648682,56954454230
-5.774307251,7.913818359,1.821868896,56954741609
-5.231582642,6.921203613,1.376739502,56955040034
-5.852859497,5.852416992,1.267242432,56955400337
-6.733596802,5.007385254,1.383880615,56955699490
-6.938308716,4.295654297,1.621917725,56955901130
-6.602676392,3.483947754,0.8935241699,56956161766
-5.871902466,3.210205078,2.186065674,56956449518
-7.400100708,1.367797852,3.959442139,56956762468
-7.961868286,-0.3270263672,3.242950439,56957043951
-6.333694458,-0.4198608398,2.835906982,56957367296
-7.162063599,-0.6507568359,3.131072998,56957612006
-6.950210571,1.353515625,4.209381104,56957896853
-8.540298462,4.862182617,4.556915283,56958198931
-12.97731018,4.969299316,1.212493896,56958475664
-14.68165588,6.661743164,-3.369720459,56958759455
-12.77259827,12.67218018,-2.869842529,56959042885
-18.45930481,19.14202881,5.030609131,56959328991
-19.3162384,19.53895569,18.48922729,56959629842
-12.14656067,19.53895569,13.3666687,56959914340
-7.547683716,19.53895569,-4.681304932,56960187781
1.442977905,19.53895569,-15.80239868,56960474821
5.949020386,7.932861328,-6.711761475,56960760370
10.10990906,-1.760009766,8.129852295,56961059919
11.72618103,-3.181091309,19.31521606,56961339729
19.6831665,-1.3125,15.73513794,56961599598
19.6831665,0.1252441406,3.559539795,56961874997
19.6831665,-2.969238281,1.143463135,56962162474
19.6831665,-4.095153809,2.157501221,56962486907
18.66496277,-6.039916992,3.895172119,56962796756
12.25224304,-1.945678711,8.475006104,56963044429
6.98210144,3.2578125,14.9067688,56963333396
0.007614135742,7.942382813,19.31521606,56963592834
-5.01020813,9.951416016,19.31521606,56963888748
-5.719558716,11.48675537,18.8510437,56964174555
-5.036392212,12.96972656,9.617584229,56964454571
-6.609817505,11.35107422,5.528106689,56964735005
-7.10017395,9.52532959,2.093231201,56965056670
-7.059707642,6.323730469,-1.365447998,56965355774
-6.388442993,0.8893432617,-6.195220947,56965652143
-8.695022583,-4.038024902,-7.230682373,56965918501
-9.202041626,-3.55480957,-0.8727111816,56966202200
-9.049697876,-2.664550781,3.323883057,56966487351
-6.716934204,-0.5745849609,-0.2276306152,56966763774
-7.31678772,0.237121582,-0.296661377,56967023979
-9.404373169,1.946228027,3.183441162,56967346570
-11.27296448,3.181640625,5.430511475,56967594158
-10.34461975,3.055480957,0.3817443848,56967879558
-8.221328735,5.095458984,0.2817687988,56968188808
-9.321060181,6.835510254,4.978240967,56968449287
-9.492446899,6.637939453,4.704498291,56968737141
-7.554824829,5.709594727,1.410064697,56969064146
-7.46913147,4.597961426,1.053009033,56969308722
-7.809524536,4.007629395,2.445526123,56969592425
-8.685501099,3.184020996,2.509796143,56969923218
-8.452224731,2.707946777,2.481231689,56970274870
-7.64289856,3.081665039,3.062042236,56970440262
-6.495559692,4.024291992,1.043487549,56970722356
-5.660049438,4.583679199,0.6435852051,56971051718
-7.195388794,4.4765625,3.473846436,56971316256
-7.626235962,4.336120605,4.614044189,56971587954
-6.897842407,4.659851074,4.035614014,56971875546
-6.600296021,3.798156738,0.7864074707,56972217481
-7.054946899,2.567504883,1.119659424,56972450234
-6.674087524,2.465148926,5.213897705,56972733416
-7.428665161,1.346374512,6.977752686,56973022589
-6.245620728,0.2894897461,4.104644775,56973305526
-7.040664673,-0.09851074219,2.897796631,56973593130
-7.440567017,2.074768066,6.187469482,56974015627
-11.5348053,2.950744629,6.154144287,56974225652
-16.46217346,1.86529541,0.5221862793,56974492132
-19.3162384,2.219970703,-7.242584229,56974769869
-19.3162384,4.179016113,-9.5753479,56974982347
-19.3162384,8.682678223,-0.984588623,56975281778
-19.3162384,13.70288086,9.672332764,56975562307
-19.3162384,19.53895569,18.79867554,56975836539
-19.3162384,19.53895569,8.736846924,56976135380
-14.97444153,16.68786621,-10.23233032,56976428651
-7.792861938,5.950012207,-3.943389893,56976703581
15.24913025,14.82641602,12.42404175,56976982779
19.6831665,12.96972656,15.85891724,56977264703
19.6831665,11.69622803,9.317657471,56977554159
19.6831665,2.203308105,-0.6489562988,56977839110
19.6831665,-6.418395996,-10.44418335,56978158026
19.6831665,-8.029907227,3.423858643,56978432870
17.54856873,-4.504577637,19.31521606,56978721824
8.384140015,-1.467224121,19.31521606,56979061133
5.034957886,1.379699707,19.31521606,56979298187
2.437973022,5.038330078,19.31521606,56979598529
-1.208755493,8.149475098,19.31521606,56979882971
-1.651504517,11.715271,13.29525757,56980179437
-4.181838989,11.97473145,0.9863586426,56980457422
-6.46937561,12.06280518,-7.632965088,56980735509
-7.88331604,12.96734619,-9.494415283,56981028942
-10.31367493,8.658874512,-8.908843994,56981311830
-13.19392395,2.743652344,-9.668182373,56981614449
-10.1184845,-0.09851074219,-9.11831665,56981882624
-8.126113892,-0.981628418,-4.567047119,56982604195
-10.66358948,-2.262268066,3.207244873,56982728659
-10.2660675,-1.667175293,2.935882568,56982943549
-10.0280304,-0.4769897461,2.640716553,56983186664
-12.15370178,1.132141113,4.771148682,56983401403
-10.71595764,3.536315918,2.309844971,56983619812
-8.735488892,6.211853027,2.402679443,56983852783
-9.263931274,7.352050781,5.259124756,56984122571
-9.620986938,6.645080566,5.278167725,56984394256
-9.225845337,5.916687012,3.166778564,56984695014
-6.609817505,6.033325195,1.250579834,56984976949
-7.221572876,6.066650391,4.561676025,56985273616
-7.228713989,5.878601074,6.746856689,56985581601
-7.397720337,3.8671875,3.916595459,56985852031
-7.166824341,2.557983398,0.3507995605,56986217035
-5.907608032,3.205444336,-0.8917541504,56986465838
-6.145645142,3.614868164,2.324127197,56986750039
-5.936172485,3.638671875,3.369110107,56987036976
-6.155166626,3.593444824,1.157745361,56987328216
-6.693130493,3.469665527,1.064910889,56987616123
-6.198013306,3.979064941,1.54574585,56987898241
-4.734085083,4.866943359,4.085601807,56988192468
-5.59815979,4.467041016,6.230316162,56988467841
-7.026382446,3.417297363,5.706634521,56988789182
-7.204910278,3.019775391,3.295318604,56989047269
-6.221817017,3.619628906,2.869232178,56989328421
-6.895462036,4.024291992,6.823028564,56989622492
-6.726455688,4.569396973,8.301239014,56989900181
-11.37770081,2.743652344,5.3543396,56990151784
-14.55311584,1.710571289,-4.924102783,56990478390
-16.56214905,2.715087891,-10.56558228,56990758428
-19.3162384,5.071655273,-8.278045654,56991046710
-19.3162384,7.15447998,-1.734405518,56991448285
-19.3162384,12.42224121,7.572845459,56991881323
-19.3162384,19.53895569,16.13504028,56991898409
-19.3162384,19.53895569,10.48403931,56992153129
-11.18251038,19.53895569,-9.818145752,56992449362
-2.61555481,14.91210938,-16.16897583,56992688564
9.133956909,8.173278809,0.1508483887,56992969909
19.6831665,17.51147461,19.31521606,56993260024
19.6831665,11.84619141,19.03671265,56993550411
19.6831665,-1.098266602,-5.35256958,56993832604
19.6831665,-6.684997559,-17.00448608,56994113821
19.6831665,-4.954467773,-2.815093994,56994396118
17.73661804,-3.635742188,12.33596802,56994699157
10.37889099,-2.221801758,17.71084595,56994977277
4.568405151,1.279724121,19.31521606,56995277796
-0.05903625488,4.840759277,19.31521606,56995548963
-0.6065216064,8.994506836,19.31521606,56995832284
-3.774795532,11.11303711,15.00912476,56996121674
-5.145889282,14.4979248,7.446685791,56996403014
-7.49055481,15.25488281,10.84585571,56996687445
-6.878799438,14.10754395,10.88394165,56996971810
-4.307998657,10.00140381,-1.779632568,56997259192
-5.117324829,5.526306152,-14.52890015,56997546231
-7.176345825,4.081420898,-7.842437744,56997830100
-8.516494751,3.333984375,2.181304932,56998119293
-7.000198364,0.7631835938,1.060150146,56998419402
-6.419387817,-1.710021973,-5.578704834,56998690917
-8.011856079,-0.7911987305,-4.526580811,56999082200
-9.094924927,1.724853516,3.023956299,56999293506
-10.20179749,3.441101074,8.724945068,56999558103
-10.69929504,3.36730957,5.009185791,56999833493
-12.12037659,4.164733887,2.564544678,57000134569
-11.28248596,5.790527344,1.771881104,57000436335
-8.973526001,7.532958984,2.745452881,57000700540
-8.352249146,7.563903809,4.18081665,57000992197
-9.347244263,6.552246094,5.149627686,57001269966
-7.64289856,5.316833496,0.8863830566,57001555948
-6.81690979,3.952880859,-2.050994873,57001843408
-6.764541626,3.2578125,1.400543213,57002126986
-7.076370239,2.969787598,5.335296631,57002413397
-7.888076782,1.762939453,3.473846436,57002695926
-7.095413208,1.736755371,1.748077393,57002976948
-6.819290161,2.629394531,1.557647705,57003269651
-5.512466431,4.064758301,1.983734131,57003545995
-7.226333618,3.329223633,2.781158447,57003843204
-8.587905884,4.148071289,5.056793213,57004118383
-8.787857056,4.238525391,2.528839111,57004403897
-6.933547974,4.509887695,-1.515411377,57004699888
-6.350357056,5.009765625,0.869720459,57004974673
-7.911880493,4.507507324,4.26651001,57005277541
-8.478408813,3.836242676,6.337432861,57005547040
-7.604812622,2.043823242,2.788299561,57005841994
-6.743118286,-0.2365722656,-1.015533447,57006133285
-5.669570923,0.2085571289,0.2746276855,57006408529
-7.176345825,-0.06756591797,2.300323486,57006700266
-7.742874146,0.05859375,3.197723389,57006982327
-8.780715942,1.084533691,1.921844482,57007267122
-11.06111145,2.684143066,0.07229614258,57007574763
-14.02705383,5.088317871,-4.0909729,57007837363
-12.32032776,12.07232666,-2.21762085,57008122419
-19.3162384,17.53765869,4.207000732,57008411168
-19.3162384,19.53895569,3.57144165,57008695333
-18.52833557,19.53895569,10.06271362,57008989822
-19.19960022,19.53895569,8.006072998,57009271871
-10.61360168,19.53895569,-14.5741272,57009552509
-2.434646606,-1.300598145,-19.68418884,57009838879
10.19560242,-7.818054199,0.1865539551,57010149762
12.56645203,2.393737793,19.31521606,57010420038
19.6831665,15.62145996,10.63400269,57010697181
19.6831665,10.84881592,-2.917449951,57010983603
19.6831665,5.447753906,-5.488250732,57011279578
19.6831665,-0.0556640625,10.51974487,57011573535
19.6831665,-4.195129395,8.117950439,57011843168
10.02897644,-3.383422852,13.58566284,57012126470
3.12828064,-0.6388549805,18.37258911,57012409457
-1.453933716,2.491333008,19.31521606,57012699037
-4.236587524,6.497497559,19.31521606,57012988105
-4.538894653,10.29180908,14.94247437,57013270856
-2.406082153,15.9475708,2.862091064,57013653502
-7.5572052,16.83306885,2.576446533,57013837618
-9.975662231,12.72454834,4.35458374,57014128332
-5.912368774,8.863586426,-3.976715088,57014409140
-6.66456604,3.940979004,-10.2585144,57014694818
-8.285598755,1.044067383,-7.00692749,57014980168
-11.43244934,-0.7959594727,-1.194061279,57015266405
-7.573867798,1.001220703,-0.829864502,57015551690
-10.31843567,1.724853516,4.059417725,57015836913
-11.21583557,3.088806152,6.742095947,57016123171
-11.30628967,2.653198242,4.478363037,57016409168
-9.47102356,3.203063965,1.469573975,57016717061
-11.8061676,3.900512695,1.571929932,57017007960
-11.17536926,5.752441406,4.342681885,57017266622
-8.94972229,5.704833984,2.226531982,57017551487
-6.55506897,5.904785156,0.7245178223,57017836441
-6.071853638,5.381103516,2.257476807,57018123400
-8.759292603,3.743408203,4.70211792,57018408836
-7.735733032,3.595825195,3.335784912,57018695077
-7.564346313,2.505615234,-0.7703552246,57018980039
-7.609573364,2.75793457,0.3841247559,57019280245
-7.395339966,3.62677002,3.935638428,57019580781
-7.197769165,3.314941406,4.207000732,57019838419
-7.980911255,2.988830566,1.441009521,57020125776
-6.688369751,3.681518555,1.424346924,57020413992
-7.245376587,3.726745605,3.04776001,57020695212
-8.030899048,4.645568848,3.926116943,57020988603
-8.309402466,4.897888184,3.452423096,57021271797
-6.854995728,5.062133789,1.667144775,57021651431
-7.700027466,5.145446777,3.730926514,57021886519
-7.364395142,5.502502441,3.933258057,57022124567
-7.550064087,4.524169922,1.990875244,57022511334
-6.343215942,4.162353516,1.272003174,57022693478
-6.488418579,3.58392334,2.724029541,57022978641
-5.864761353,2.524658203,2.333648682,57023264414
-5.917129517,1.482055664,1.381500244,57023549705
-6.198013306,0.8131713867,1.593353271,57023836187
-5.840957642,1.191650391,3.878509521,57024122304
-8.633132935,-0.6697998047,2.588348389,57024406438
-10.55171204,0.4204101563,4.856842041,57024691611
-14.70783997,2.262817383,5.835174561,57024977827
-19.3162384,3.721984863,0.04849243164,57025276146
-19.3162384,6.852172852,-7.109283447,57025568223
-18.4188385,16.61645508,4.923492432,57025833331
-19.3162384,19.53895569,15.16622925,57026119078
-19.3162384,19.53895569,10.31741333,57026405113
-19.3162384,19.53895569,2.9168396,57026690475
-6.928787231,19.53895569,-15.24539185,57026975693
-0.09712219238,6.885498047,-19.68418884,57027270279
19.6831665,14.50030518,3.947540283,57027546300
19.6831665,18.01849365,19.31521606,57027833589
19.6831665,15.65478516,8.03225708,57028116569
19.6831665,11.48675537,2.247955322,57028409049
19.6831665,1.622497559,-1.563018799,57028691625
19.6831665,-10.49597168,-1.274993896,57029015674
13.79710388,-12.32171631,12.22171021,57029265960
8.2865448,-5.913757324,19.31521606,57029550432
7.61289978,0.3585205078,16.43734741,57029833399
3.363937378,2.01763916,2.593109131,57030119149
-3.248733521,6.699829102,-5.074066162,57030403987
-7.271560669,14.15991211,2.704986572,57030690449
-9.209182739,18.13751221,9.581878662,57030977199
-6.531265259,14.52886963,-7.040252686,57031266272
-11.89424133,8.925476074,-13.54104614,57031562459
-12.33222961,6.664123535,-6.24520874,57031833957
-11.09443665,1.548706055,-4.707489014,57032142684
-10.96589661,-1.902832031,3.028717041,57032405201
-12.61787415,-2.852600098,4.004669189,57032690437
-10.44221497,-1.222045898,2.747833252,57032977272
-10.43269348,0.3037719727,-0.8608093262,57033284995
-9.154434204,2.034301758,-1.401153564,57033555777
-10.58265686,3.707702637,0.7864074707,57033830946
-11.51100159,4.4765625,1.107757568,57034117165
-9.785232544,5.147827148,-0.06576538086,57034406922
-8.326065063,6.685546875,1.843292236,57034689451
-7.238235474,8.189941406,3.719024658,57034983912
-6.417007446,8.170898438,4.316497803,57035266477
-8.276077271,5.771484375,5.171051025,57035548345
-9.052078247,3.776733398,2.278900146,57035837380
-8.837844849,3.007873535,0.4960021973,57036120174
-7.70954895,3.162597656,1.0887146,57036413594
-7.071609497,4.41229248,2.428863525,57036696219
-6.971633911,6.04284668,4.192718506,57036976859
-6.328933716,6.514160156,2.740692139,57037269666
-7.154922485,5.995239258,1.976593018,57037546184
-6.283706665,6.523681641,2.614532471,57037841608
-7.573867798,5.402526855,1.817108154,57038117254
-6.721694946,5.038330078,0.08895874023,57038404038
-6.590774536,4.445617676,-0.1062316895,57038689707
-6.645523071,3.895751953,2.107513428,57039000392
-6.309890747,2.755554199,3.057281494,57039268746
-6.931167603,1.215454102,2.333648682,57039544075
-7.735733032,0.08477783203,0.5888366699,57039828769
-8.794998169,0.3394775391,0.465057373,57040118760
-11.37770081,-0.2698974609,0.7911682129,57040402159
-13.20344543,1.177368164,3.33102417,57040700534
-17.69758606,1.389221191,1.826629639,57040973580
-19.3162384,2.824584961,-2.058135986,57041259356
-19.10914612,6.878356934,-0.296661377,57041575067
-18.15223694,12.69360352,4.264129639,57041853184
-15.42909241,19.53895569,9.346221924,57042115304
-16.45979309,19.53895569,19.31521606,57042405219
-15.72663879,19.53895569,10.23886108,57042689009
-6.18611145,19.53895569,-19.68418884,57042972661
9.381515503,13.64099121,-19.68418884,57043257760
19.42668152,11.02734375,12.60733032,57043544005
19.6831665,8.397033691,19.31521606,57043829706
19.6831665,7.485351563,6.946807861,57044115032
19.6831665,1.208312988,-2.419952393,57044401971
19.6831665,-0.4317626953,-1.558258057,57044687143
19.6831665,-7.822814941,0.8554382324,57044974028
19.6831665,-10.44836426,-0.146697998,57045257547
12.01182556,-4.937805176,5.487640381,57045544226
2.168991089,-0.753112793,15.19955444,57045831771
-3.320144653,4.552734375,19.31521606,57046118305
-6.312271118,8.523193359,19.31521606,57046403032
-7.10017395,12.22705078,16.21121216,57046686663
-3.134475708,16.24273682,5.782806396,57046973374
-5.743362427,14.56933594,3.838043213,57047257156
-4.317520142,11.34869385,-4.678924561,57047542986
-4.850723267,6.999755859,-11.00119019,57047829997
-8.516494751,2.815063477,-11.02023315,57048115344
-12.18464661,-0.5388793945,-3.486358643,57048401195
-10.46839905,-1.774291992,-0.7251281738,57048718966
-10.12324524,-2.017089844,0.1960754395,57048974076
-9.992324829,-1.124450684,0.6959533691,57049267501
-10.43745422,0.4251708984,0.2008361816,57049544291
-11.5514679,1.170227051,-2.498504639,57049832135
-11.96565247,3.62677002,-0.9036560059,57050115972
-12.34651184,5.335876465,2.685943604,57050400768
-11.78712463,6.3046875,3.409576416,57050687731
-9.789993286,6.49987793,1.736175537,57050971821
-8.421279907,7.213989258,0.6078796387,57051258031
-7.995193481,6.585571289,0.8411560059,57051542958
-6.985916138,6.82598877,3.968963623,57051836328
-6.202774048,6.080932617,5.063934326,57052114221
-6.286087036,4.783630371,3.088226318,57052400076
-5.571975708,4.34564209,1.222015381,57052684125
-5.538650513,4.181396484,1.514801025,57052972708
-6.77406311,4.209960938,4.323638916,57053296333
-7.021621704,3.862426758,5.309112549,57053542485
-6.243240356,3.983825684,3.980865479,57053828752
-6.562210083,3.507751465,1.85043335,57054138785
-6.681228638,3.005493164,0.08181762695,57054400527
-6.019485474,3.422058105,2.566925049,57054711523
-5.826675415,2.912658691,4.452178955,57054972731
-5.531509399,2.058105469,3.511932373,57055259097
-5.674331665,1.220214844,3.780914307,57055541765
-4.660293579,0.3251953125,2.409820557,57055838376
-3.379653931,0.184753418,1.400543213,57056137215
-5.169692993,0.8179321289,3.497650146,57056398468
-4.331802368,5.095458984,5.406707764,57056685462
-11.09205627,5.921447754,4.761627197,57056975130
-16.74781799,7.447265625,1.13394165,57057255424
-19.3162384,11.59387207,-1.244049072,57057541102
-18.53309631,15.5690918,3.690460205,57057828112
-19.3162384,17.95184326,13.32858276,57058114178
-19.3162384,18.83734131,17.03482056,57058398389
-19.3162384,19.53895569,12.13363647,57058684353
-18.13319397,19.11346436,1.819488525,57058968877
-10.801651,15.28820801,-11.65103149,57059255378
3.575790405,12.85784912,-9.006439209,57059545118
17.5009613,12.74597168,8.386932373,57059827924
19.6831665,13.16729736,13.48330688,57060115027
19.6831665,10.12518311,7.218170166,57060398891
19.6831665,0.641784668,1.443389893,57060683823
19.6831665,-6.551696777,0.01516723633,57060993069
19.6831665,-7.656188965,3.121551514,57061255607
13.59239197,-4.959228516,11.56948853,57061540905
4.354171753,-2.433654785,15.70657349,57061828521
-2.351333618,1.762939453,19.31521606,57062112099
-6.226577759,7.128295898,18.92959595,57062410414
-5.455337524,13.05541992,15.30429077,57062683491
-6.802627563,16.94256592,10.55783081,57062968513
-4.350845337,18.26367188,-0.2062072754,57063258152
-6.421768188,15.5690918,-2.236663818,57063549507
-7.214431763,9.682434082,-1.843902588,57063838637
-7.528640747,3.876708984,-3.417327881,57064117400
-8.4712677,-0.8388061523,-3.550628662,57064398030
-9.482925415,-3.088256836,1.264862061,57064683050
-8.495071411,-2.045654297,6.8777771,57064971742
-7.735733032,-1.426757813,4.459320068,57065264327
-7.250137329,-0.3984375,-1.246429443,57065542781
-8.671218872,0.7131958008,-2.455657959,57065827921
-9.647171021,3.005493164,1.012542725,57066112822
-10.05659485,4.924072266,3.976104736,57066499154
-10.58503723,5.82623291,4.030853271,57066696813
-10.67311096,6.328491211,3.811859131,57066972051
-9.490066528,7.106872559,3.159637451,57067255894
-8.045181274,7.247314453,1.82901001,57067546507
-6.128982544,7.601989746,2.3074646,57067827217
-7.233474731,6.114257813,2.507415771,57068125961
-7.697647095,5.671508789,3.971343994,57068400545
-7.909500122,5.32635498,3.57144165,57068684518
-7.038284302,4.43371582,-0.6608581543,57068969994
-6.793106079,4.314697266,0.5483703613,57069256531
-7.135879517,4.786010742,3.742828369,57069550344
-7.107315063,5.183532715,4.537872314,57069826529
-7.454849243,4.41229248,2.738311768,57070110748
-6.167068481,4.507507324,-0.06576538086,57070403921
-6.950210571,4.443237305,1.37197876,57070682723
-5.890945435,5.976196289,5.178192139,57070984063
-7.14302063,5.942871094,6.494537354,57071257033
-6.888320923,5.102600098,2.950164795,57071542491
-6.662185669,4.255187988,-1.479705811,57071824439
-6.526504517,5.388244629,1.926605225,57072112137
-7.140640259,6.233276367,5.661407471,57072398647
-7.31678772,6.007141113,4.647369385,57072771335
-7.171585083,5.135925293,2.366973877,57072983519
-7.066848755,4.481323242,0.691192627,57073262953
-7.345352173,3.683898926,0.7316589355,57073588955
-6.093276978,3.638671875,2.759735107,57073861986
-5.819534302,2.922180176,3.878509521,57074122728
-6.038528442,1.696289063,3.733306885,57074403011
-6.797866821,0.5870361328,2.340789795,57074708671
-8.247512817,0.5703735352,2.921600342,57075037729
-9.235366821,2.055725098,3.500030518,57075306764
-13.30818176,1.912902832,4.899688721,57075592250
-15.3553009,2.388977051,5.175811768,57075858258
-15.44099426,4.01953125,3.566680908,57076149916
-13.58906555,8.161376953,5.913726807,57076515736
-13.46052551,14.55267334,10.39120483,57076785749
-15.95277405,19.53895569,18.2583313,57077009080
-16.39076233,19.53895569,13.56900024,57077289835
-9.340103149,19.53895569,-13.67910767,57077754561
3.090194702,19.53895569,-19.68418884,57077949508
10.9382782,17.22106934,-2.976959229,57078203044
11.12632751,10.24182129,19.31521606,57078827678
15.48954773,1.001220703,19.31521606,57078922379
19.6831665,1.267822266,8.310760498,57079151732
19.6831665,-1.876647949,5.330535889,57079366694
19.6831665,-1.562438965,0.312713623,57079612249
19.6831665,-3.433410645,0.9601745605,57079827399
19.6831665,-7.187255859,3.259613037,57080089694
13.19725037,-5.928039551,4.347442627,57080388665
7.222518921,-1.255371094,11.81228638,57080692244
1.595321655,3.272094727,18.18215942,57080974166
-0.670791626,7.037841797,14.54019165,57081264912
-4.695999146,11.37011719,15.98983765,57081543214
-6.66456604,12.96734619,13.65945435,57081847240
-6.029006958,15.4619751,11.18624878,57082131665
-6.157546997,15.2477417,6.213653564,57082408157
-5.836196899,12.78643799,1.191070557,57082689614
-7.38343811,8.280395508,-3.326873779,57082990101
-9.292495728,3.981445313,-3.793426514,57083299609
-6.809768677,3.586303711,0.2984313965,57083553024
-8.904495239,0.7988891602,2.24319458,57083838005
-9.028274536,-1.186340332,-0.1062316895,57084122640
-9.225845337,-1.036376953,-0.9012756348,57084454223
-9.294876099,0.03479003906,0.2912902832,57084924665
-9.797134399,0.7893676758,0.2841491699,57084969677
-9.133010864,2.050964355,-0.01815795898,57085261982
-9.247268677,2.903137207,0.7768859863,57085535255
-8.964004517,4.271850586,1.483856201,57085817187
-8.416519165,5.842895508,3.404815674,57086155643
-9.390090942,4.700317383,3.016815186,57086405388
-8.311782837,4.595581055,2.690704346,57086689105
-7.942825317,4.931213379,2.788299561,57086967084
-7.302505493,5.371582031,2.421722412,57087251080
-6.750259399,6.121398926,3.007293701,57087557185
-7.995193481,5.02166748,2.371734619,57087877828
-7.135879517,5.04309082,2.619293213,57088123855
-6.27180481,5.000244141,2.776397705,57088402911
-6.731216431,4.038574219,3.188201904,57088685225
-6.20753479,2.957885742,2.571685791,57088984202
-5.883804321,0.515625,1.912322998,57089266673
-7.407241821,-4.276062012,0.07943725586,57089552422
-7.069229126,-7.794250488,-2.738922119,57089832450
-5.324417114,-9.281982422,-3.512542725,57090113931
-2.875015259,-10.09844971,-3.286407471,57090477950
2.797409058,-8.029907227,-1.465423584,57090671509
6.948776245,-6.004211426,-0.04196166992,57090954115
7.427230835,-4.70690918,0.260345459,57091260746
12.61167908,2.562744141,-0.6441955566,57091539358
19.6831665,19.53895569,-4.17666626,57091982550
19.6831665,19.53895569,0.3579406738,57092134742
19.6831665,19.53895569,6.213653564,57092404815
11.60002136,19.53895569,11.62185669,57092678964
3.052108765,19.53895569,7.082489014,57092958910
0.1647186279,19.24438477,0.3198547363,57093262596
-1.220657349,17.0758667,-3.617279053,57093555017
-1.230178833,16.76641846,-0.8441467285,57093837713
-1.251602173,17.27819824,3.514312744,57094133499
-1.975234985,17.14013672,8.743988037,57094372331
-2.089492798,16.28320313,8.627349854,57094656747
-0.8159942627,15.30963135,5.128204346,57094984042
0.5360565186,14.8359375,1.98135376,57095281432
1.166854858,13.82904053,2.059906006,57095544993
1.381088257,12.27941895,2.857330322,57095827588
0.7621917725,10.03234863,3.530975342,57096119580
0.19090271,7.671020508,3.673797607,57096414047
0.1290130615,5.314453125,3.369110107,57096694555
0.2504119873,3.405395508,2.776397705,57096974527
1.004989624,2.634155273,2.350311279,57097255779
0.3146820068,1.21307373,1.65524292,57097538256
0.1766204834,0.5727539063,1.117279053,57097839605
-0.2804107666,0.1585693359,1.536224365,57098121495
-0.9730987549,0.8607788086,3.428619385,57098399309
-0.6327056885,2.557983398,4.211761475,57098690011
0.8502655029,5.135925293,2.695465088,57098984205
3.335372925,8.45892334,1.272003174,57099274238
4.292282104,11.12255859,1.531463623,57099690600
5.601486206,13.9385376,4.073699951,57099863475
3.904281616,14.40032959,7.522857666,57100133244
2.299911499,13.10064697,8.196502686,57100417974
0.8812103271,10.82739258,5.630462646,57100735809
-0.6089019775,8.361328125,3.711883545,57100992791
-0.2494659424,7.987609863,1.569549561,57101288934
-0.8088531494,8.104248047,1.448150635,57101583904
0.19090271,9.653869629,2.455047607,57101844806
0.08854675293,10.84405518,3.035858154,57102160642
-0.4256134033,11.29394531,2.821624756,57102447300
-0.3375396729,12.78405762,3.171539307,57102695013
-0.5970001221,14.53363037,2.947784424,57103018102
-0.3351593018,15.29772949,1.398162842,57103273631
1.209701538,15.86901855,0.0270690918,57103589259
2.709335327,15.27392578,0.286529541,57103876837
2.054733276,12.66741943,1.467193604,57104152592
0.7336273193,9.501525879,1.986114502,57104452065
-0.594619751,6.659362793,1.055389404,57104736329
-2.001419067,4.050476074,0.6054992676,57105025458
-3.653396606,1.601074219,0.7816467285,57105307653
-4.905471802,-0.3032226563,0.9173278809,57105580844
-2.736953735,1.67010498,2.750213623,57105884597
0.2575531006,5.126403809,3.326263428,57106136156
2.007125854,8.247070313,2.033721924,57106445175
5.00163269,11.37963867,-0.5108947754,57106710165
8.305587769,15.80474854,-1.367828369,57106995352
7.779525757,16.77832031,3.702362061,57107266527
3.492477417,15.17156982,8.801116943,57107566620
1.326339722,13.12921143,10.74349976,57107848355
2.288009644,12.65789795,9.529510498,57108130988
4.730270386,13.39819336,6.299346924,57108456695
4.054244995,14.33843994,5.171051025,57108677412
2.940231323,15.45007324,6.732574463,57108960834
0.6503143311,15.10968018,8.441680908,57109263596
0.2789764404,14.8192749,5.870880127,57109558872
-0.670791626,14.82403564,2.347930908,57109849492
0.3908538818,16.22369385,-0.04196166992,57110136137
-0.9088287354,16.18798828,-1.408294678,57110416903
-0.2280426025,15.91186523,-4.747955322,57110703110
1.169235229,14.77642822,-8.804107666,57110986948
2.792648315,13.06018066,-8.161407471,57111285788
0.8978729248,9.646728516,-4.964569092,57111560396
-0.4232330322,5.990478516,-2.981719971,57111846922
-1.018325806,2.486572266,-2.143829346,57112130998
-0.8159942627,0.2133178711,-2.617523193,57112413837
-0.5136871338,-1.433898926,-2.991241455,57112713094
-2.339431763,-2.59552002,-0.08242797852,57112988929
-4.043777466,-2.795471191,3.849945068,57113272059
-5.481521606,-3.054931641,5.054412842,57113671487
-4.931655884,-2.145629883,2.762115479,57113834146
-4.841201782,-0.07232666016,1.650482178,57114144658
-7.052566528,1.767700195,3.816619873,57114404917
-9.404373169,2.43182373,4.871124268,57114719681
-9.666213989,3.172119141,4.728302002,57114981865
-8.699783325,4.897888184,7.101531982,57115265867
-9.29725647,5.950012207,11.24575806,57115565835
-9.611465454,5.307312012,10.59353638,57115843559
-7.754776001,4.271850586,6.677825928,57116128792
-6.650283813,2.97454834,2.493133545,57116411177
-4.950698853,2.34375,-1.19644165,57116709243
-3.701004028,2.100952148,-0.7275085449,57116981186
-4.979263306,1.253540039,1.717132568,57117274688
-6.014724731,-0.2341918945,0.7649841309,57117558368
-6.405105591,-2.007568359,-2.419952393,57117841084
-5.431533813,-1.621948242,-3.945770264,57118128943
-5.543411255,-1.555297852,-1.432098389,57118436012
-4.743606567,2.050964355,2.619293213,57118700807
-7.750015259,5.462036133,3.552398682,57118999064
-14.99824524,8.061401367,-1.843902588,57119274391
-18.2212677,13.39105225,-5.712005615,57119557434
-19.3162384,19.53895569,-6.368988037,57119874781
-19.3162384,19.53895569,8.66305542,57120129292
-19.3162384,19.53895569,19.31521606,57120450858
-19.3162384,19.53895569,19.31521606,57120731180
-15.16963196,14.67883301,-14.85977173,57121106979
-9.897109985,-1.345825195,-19.68418884,57121259113
6.489364624,-4.966369629,-11.88192749,57121548368
19.6831665,7.361572266,19.31521606,57121857735
19.6831665,12.96258545,19.31521606,57122141489
19.6831665,7.102111816,0.3246154785,57122413597
19.6831665,5.82623291,-2.82699585,57122692951
19.6831665,-3.085876465,0.4436340332,57122975802
16.37742615,-6.263671875,0.02944946289,57123271637
4.858810425,-1.012573242,9.898468018,57123574268
-1.475357056,6.968811035,19.31521606,57123849607
-3.855728149,10.65124512,18.20120239,57124124879
-9.182998657,10.62030029,11.73849487,57124408658
-8.740249634,13.61480713,5.523345947,57124698677
-11.28248596,12.35321045,7.206268311,57124987774
-8.899734497,9.644348145,7.83706665,57125271316
-7.892837524,6.349914551,1.483856201,57125562145
-6.68598938,2.436584473,-14.75979614,57125842610
-8.680740356,-0.3436889648,-15.90475464,57126155028
-9.01399231,-0.4151000977,-3.398284912,57126438327
-7.492935181,-0.2698974609,1.076812744,57126708741
-6.597915649,0.97265625,2.181304932,57127003531
-9.987564087,1.848632813,3.240570068,57127277048
-12.36317444,1.851013184,3.261993408,57127548300
-11.52290344,4.350402832,5.075836182,57127916508
-10.2827301,6.656982422,5.782806396,57128236880
-11.28010559,7.111633301,5.187713623,57128402515
-9.958999634,6.968811035,1.007781982,57128696591
-8.728347778,7.152099609,1.909942627,57129019712
-7.478652954,7.025939941,4.264129639,57129300718
-6.666946411,5.976196289,4.171295166,57129553413
-6.18611145,4.51940918,2.24319458,57129862617
-5.976638794,3.400634766,-0.2014465332,57130154698
-5.907608032,2.507995605,-0.0895690918,57130436157
-5.51008606,2.481811523,2.195587158,57130804591
-6.412246704,1.931945801,3.062042236,57131015525
-6.371780396,1.148803711,1.136322021,57131291102
-4.22706604,1.586791992,1.331512451,57131555136
-5.77192688,0.5180053711,3.216766357,57131864752
-6.231338501,0.09906005859,3.935638428,57132164123
-6.809768677,-0.3817749023,1.436248779,57132473551
-4.907852173,-0.008056640625,-0.9655456543,57132724380
-5.405349731,1.455871582,-0.527557373,57132995619
-7.27394104,1.565368652,-1.920074463,57133316169
-9.551956177,4.267089844,-0.3942565918,57133737956
-14.95777893,7.259216309,1.945648193,57133965210
-17.29768372,12.75787354,0.767364502,57134180761
-19.3162384,16.55932617,-2.896026611,57134455220
-19.3162384,19.53895569,5.980377197,57134729709
-19.3162384,19.53895569,19.31521606,57135092248
-19.3162384,19.53895569,19.31521606,57135312820
-17.90705872,19.53895569,0.9625549316,57135548227
-10.3327179,9.929992676,-19.68418884,57135838477
2.114242554,-3.266784668,-19.68418884,57136116232
19.6831665,5.597717285,14.7663269,57136433362
19.6831665,14.84307861,19.31521606,57136699234
19.6831665,6.597473145,1.924224854,57136985724
19.6831665,1.677246094,-15.79049683,57137327572
19.6831665,-4.802124023,-6.535614014,57137554366
18.68162537,-8.565490723,-0.2799987793,57137857186
11.41197205,-7.351501465,10.05557251,57138127801
5.168258667,-2.405090332,19.31521606,57138408537
1.45249939,4.41229248,19.31521606,57138713223
-1.54914856,10.15374756,19.31521606,57138977428
-3.177322388,13.87426758,19.31521606,57139301160
-3.327285767,18.24224854,7.779937744,57139598887
-5.61958313,19.53895569,10.11984253,57139840124
-5.536270142,17.03540039,4.518829346,57140167639
-6.01234436,9.920471191,-12.98403931,57140438115
-8.40461731,4.140930176,-16.05471802,57140691116
-10.88734436,-0.3532104492,-5.445404053,57140978177
-10.15180969,-2.381286621,1.809967041,57141272337
-10.6945343,-4.53314209,4.111785889,57141543108
-10.11134338,-4.03326416,3.054901123,57141862418
-7.669082642,-2.221801758,-0.9536437988,57142268412
-8.1665802,-0.017578125,-0.03720092773,57142449374
-8.480789185,3.310180664,2.607391357,57142740525
-8.509353638,5.67388916,2.793060303,57142965754
-10.79450989,5.207336426,0.4364929199,57143262464
-10.76356506,7.199707031,1.757598877,57143571342
-7.954727173,9.85144043,4.714019775,57143830477
-6.652664185,9.296813965,4.290313721,57144150012
-8.016616821,7.064025879,3.459564209,57144405992
-8.040420532,5.34777832,3.240570068,57144724930
-7.930923462,4.407531738,3.100128174,57144953400
-6.35987854,4.012390137,2.26461792,57145255906
-6.117080688,3.167358398,2.883514404,57145529760
-6.624099731,1.858154297,2.362213135,57145831810
-6.590774536,0.896484375,1.921844482,57146118632
-6.219436646,0.4061279297,1.976593018,57146403422
-5.921890259,-0.2556152344,1.552886963,57146689715
-4.976882935,-0.8173828125,0.5340881348,57146975721
-4.384170532,-0.7150268555,1.588592529,57147262222
-5.269668579,-1.183959961,3.204864502,57147550170
-3.908096313,0.01098632813,2.340789795,57147836450
-5.419631958,2.581787109,2.52645874,57148129889
-10.33509827,4.369445801,-0.06814575195,57148478654
-15.70045471,6.714111328,0.286529541,57148666144
-17.30482483,12.56744385,2.040863037,57148964955
-19.3162384,19.51812744,6.342193604,57149438191
-19.3162384,19.53895569,5.216278076,57149627933
-19.3162384,19.53895569,11.47427368,57149843272
-19.3162384,19.53895569,15.29238892,57150107181
-17.91419983,19.53895569,1.869476318,57150595337
-7.566726685,15.89044189,-19.68418884,57150744402
-1.420608521,2.722229004,-19.68418884,57150972057
10.47410583,-1.488647461,8.198883057,57151225825
19.6831665,8.109008789,19.31521606,57151523130
19.6831665,11.42962646,5.730438232,57151793107
19.6831665,4.462280273,-4.995513916,57152098381
19.6831665,-4.433166504,-10.85122681,57152374283
19.6831665,-8.703552246,-3.614898682,57152655251
16.31077576,-7.077758789,11.43618774,57152975506
7.984237671,-1.921875,19.07479858,57153227540
1.492965698,3.810058594,19.31521606,57153528601
-2.575088501,9.903808594,19.31521606,57153844374
-8.811660767,12.63171387,19.31521606,57154133612
-6.690750122,16.0546875,13.52615356,57154421737
-6.640762329,18.27557373,5.873260498,57154688328
-7.433425903,17.3638916,-1.741546631,57154992519
-6.809768677,13.82427979,-8.880279541,57155306810
-10.92304993,8.099487305,-7.2449646,57155565607
-10.65644836,3.881469727,-3.669647217,57155853566
-8.309402466,0.5513305664,-2.643707275,57156151038
-9.437698364,-1.010192871,0.9482727051,57156423597
-10.9087677,-0.8983154297,4.145111084,57156674442
-11.37770081,-0.3151245117,5.994659424,57156966551
-9.025894165,0.8084106445,3.192962646,57157243991
-10.3731842,1.665344238,1.162506104,57157525915
-11.57527161,2.846008301,2.650238037,57157831545
-7.969009399,7.397277832,4.675933838,57158097117
-8.552200317,8.442260742,2.012298584,57158389666
-8.787857056,7.682922363,0.8601989746,57158679144
-6.840713501,8.22088623,1.726654053,57158971080
-6.131362915,8.256591797,1.962310791,57159283775
-4.750747681,8.180419922,2.240814209,57159544949
-5.579116821,6.080932617,-0.06338500977,57159840507
-7.409622192,3.493469238,0.2984313965,57160112867
-6.676467896,3.162597656,2.564544678,57160406426
-7.390579224,2.079528809,3.097747803,57160694516
-6.297988892,1.851013184,2.35269165,57160968471
-7.392959595,0.2061767578,0.7745056152,57161298510
-6.236099243,-0.4936523438,-0.144317627,57161581928
-5.752883911,-0.5126953125,1.331512451,57161827297
-4.07472229,0.4180297852,3.466705322,57162114862
-2.646499634,1.574890137,3.764251709,57162399310
-4.686477661,1.848632813,3.885650635,57162686641
-6.805007935,2.696044922,3.595245361,57162969510
-10.65168762,3.810058594,2.902557373,57163276617
-14.71498108,6.530822754,1.569549561,57163626761
-19.20674133,10.00378418,-0.8155822754,57165317599
-19.3162384,15.45007324,-1.703460693,57165502266
-19.3162384,19.53895569,1.17678833,57165716639
-17.68330383,19.53895569,6.511199951,57165959606
-13.52955627,19.53895569,9.703277588,57166184314
-13.36531067,19.53895569,8.05368042,57166390003
-10.56361389,19.53895569,-0.02767944336,57166636243
-6.666946411,10.68695068,-19.24203491,57166853330
-0.6112823486,0.2299804688,-18.20419312,57167067678
14.23271179,1.346374512,-0.3585510254,57167281672
19.6831665,4.928833008,9.153411865,57167527199
19.6831665,11.67004395,10.71017456,57167743140
19.6831665,9.632446289,2.759735107,57167959866
19.6831665,-0.08184814453,0.2936706543,57168193130
19.6831665,-6.932556152,0.9054260254,57168405328
15.91087341,-6.149414063,8.072723389,57168648363
9.050643921,-1.081604004,17.57516479,57168864405
1.745285034,1.95098877,19.31521606,57169095435
-0.07093811035,5.769104004,19.31521606,57169310116
-4.005691528,8.275634766,16.70870972,57169527048
-6.497940063,10.53936768,8.686859131,57169770117
-8.03565979,16.01184082,6.089874268,57169987066
-7.288223267,18.75164795,4.918731689,57170202002
-5.929031372,14.89306641,-0.7608337402,57170416350
-7.735733032,8.470825195,-9.977630615,57170706239
-7.140640259,4.288513184,-12.95309448,57171004498
-9.21156311,2.634155273,-5.071685791,57171324690
